blob,tier_bw,setting,spec,role,comp_ms,decomp_ms,ratio,cost,adopted
fields/00000__plt00000__fab0000_comp00_density.f32__c0006__dt-f32/chunk_0,1000000,2,ans shuffle=byte,primary,1.33222401,-1,1.25189053,4.68260001,1
fields/00001__plt00000__fab0000_comp01_rho_E.f32__c0006__dt-f32/chunk_0,1000000,2,ans shuffle=byte,primary,1.66323197,-1,13.8520965,1.96602397,1
fields/00000__plt00000__fab0000_comp00_density.f32__c0014__dt-f32/chunk_0,1000000,2,ans shuffle=byte,primary,2.39020801,-1,1.25189053,5.74058401,1
fields/00001__plt00000__fab0000_comp01_rho_E.f32__c0014__dt-f32/chunk_0,1000000,2,ans shuffle=byte,primary,2.15142393,-1,13.8520965,2.45421593,1
fields/00002__plt00000__fab0000_comp02_logden.f32__c0006__dt-f32/chunk_0,1000000,2,ans shuffle=byte,primary,2.50431991,-1,1.12957561,6.21748791,1
fields/00002__plt00000__fab0000_comp02_logden.f32__c0014__dt-f32/chunk_0,1000000,2,ans shuffle=byte,primary,2.91567993,-1,1.12957804,6.62883993,1
fields/00004__plt00001__fab0000_comp01_rho_E.f32__c0006__dt-f32/chunk_0,1000000,2,ans shuffle=byte,primary,1.99315202,-1,13.8520965,2.29594402,1
fields/00003__plt00001__fab0000_comp00_density.f32__c0014__dt-f32/chunk_0,1000000,2,ans shuffle=byte,primary,2.1937921,-1,1.25189053,5.5441681,1
fields/00003__plt00001__fab0000_comp00_density.f32__c0006__dt-f32/chunk_0,1000000,2,ans shuffle=byte,primary,2.48176003,-1,1.25189053,5.83213603,1
fields/00004__plt00001__fab0000_comp01_rho_E.f32__c0014__dt-f32/chunk_0,1000000,2,ans shuffle=byte,primary,0.803071976,-1,13.8520965,1.10586398,1
fields/00007__plt00002__fab0000_comp01_rho_E.f32__c0006__dt-f32/chunk_0,1000000,2,ans shuffle=byte,primary,1.81235194,-1,13.8520965,2.11514394,1
fields/00005__plt00001__fab0000_comp02_logden.f32__c0006__dt-f32/chunk_0,1000000,2,ans shuffle=byte,primary,2.09084797,-1,1.12957561,5.80401597,1
fields/00008__plt00002__fab0000_comp02_logden.f32__c0006__dt-f32/chunk_0,1000000,2,ans shuffle=byte,primary,1.51756799,-1,1.12957561,5.23073599,1
fields/00010__plt00003__fab0000_comp01_rho_E.f32__c0006__dt-f32/chunk_0,1000000,2,ans shuffle=byte,primary,3.10915208,-1,13.8520965,3.41194408,1
fields/00005__plt00001__fab0000_comp02_logden.f32__c0014__dt-f32/chunk_0,1000000,2,ans shuffle=byte,primary,2.13539195,-1,1.12957804,5.84855195,1
fields/00010__plt00003__fab0000_comp01_rho_E.f32__c0014__dt-f32/chunk_0,1000000,2,ans shuffle=byte,primary,2.63209605,-1,13.8520965,2.93488805,1
fields/00007__plt00002__fab0000_comp01_rho_E.f32__c0014__dt-f32/chunk_0,1000000,2,ans shuffle=byte,primary,2.97177601,-1,13.8520965,3.27456801,1
fields/00006__plt00002__fab0000_comp00_density.f32__c0006__dt-f32/chunk_0,1000000,2,ans shuffle=byte,primary,3.14159989,-1,1.25189053,6.49197589,1
fields/00009__plt00003__fab0000_comp00_density.f32__c0006__dt-f32/chunk_0,1000000,2,ans shuffle=byte,primary,1.99388802,-1,1.25189053,5.34426402,1
fields/00006__plt00002__fab0000_comp00_density.f32__c0014__dt-f32/chunk_0,1000000,2,ans shuffle=byte,primary,2.5876801,-1,1.25189053,5.9380561,1
fields/00008__plt00002__fab0000_comp02_logden.f32__c0014__dt-f32/chunk_0,1000000,2,ans shuffle=byte,primary,2.0271039,-1,1.12957804,5.7402639,1
fields/00009__plt00003__fab0000_comp00_density.f32__c0014__dt-f32/chunk_0,1000000,2,ans shuffle=byte,primary,2.767488,-1,1.25189053,6.117864,1
fields/00011__plt00003__fab0000_comp02_logden.f32__c0006__dt-f32/chunk_0,1000000,2,ans shuffle=byte,primary,2.71968007,-1,1.12957561,6.43284807,1
fields/00012__plt00004__fab0000_comp00_density.f32__c0006__dt-f32/chunk_0,1000000,2,ans shuffle=byte,primary,2.13129592,-1,1.25189053,5.48167192,1
fields/00013__plt00004__fab0000_comp01_rho_E.f32__c0006__dt-f32/chunk_0,1000000,2,ans shuffle=byte,primary,3.01673603,-1,13.8520965,3.31952803,1
fields/00011__plt00003__fab0000_comp02_logden.f32__c0014__dt-f32/chunk_0,1000000,2,ans shuffle=byte,primary,2.42847991,-1,1.12957804,6.14163991,1
fields/00012__plt00004__fab0000_comp00_density.f32__c0014__dt-f32/chunk_0,1000000,2,ans shuffle=byte,primary,7.71740818,-1,1.25189053,11.0677842,1
fields/00014__plt00004__fab0000_comp02_logden.f32__c0006__dt-f32/chunk_0,1000000,2,ans shuffle=byte,primary,3.24777603,-1,1.12957561,6.96094403,1
fields/00017__plt00005__fab0000_comp02_logden.f32__c0006__dt-f32/chunk_0,1000000,2,ans shuffle=byte,primary,2.02425599,-1,1.12957561,5.73742399,1
fields/00015__plt00005__fab0000_comp00_density.f32__c0014__dt-f32/chunk_0,1000000,2,ans shuffle=byte,primary,1.48387206,-1,1.25189053,4.83424806,1
fields/00014__plt00004__fab0000_comp02_logden.f32__c0014__dt-f32/chunk_0,1000000,2,ans shuffle=byte,primary,3.10118389,-1,1.12957804,6.81434389,1
fields/00016__plt00005__fab0000_comp01_rho_E.f32__c0006__dt-f32/chunk_0,1000000,2,ans shuffle=byte,primary,2.79299212,-1,13.8520965,3.09578412,1
fields/00013__plt00004__fab0000_comp01_rho_E.f32__c0014__dt-f32/chunk_0,1000000,2,ans shuffle=byte,primary,2.27519989,-1,13.8520965,2.57799189,1
fields/00016__plt00005__fab0000_comp01_rho_E.f32__c0014__dt-f32/chunk_0,1000000,2,ans shuffle=byte,primary,2.80927992,-1,13.8520965,3.11207192,1
fields/00019__plt00006__fab0000_comp01_rho_E.f32__c0014__dt-f32/chunk_0,1000000,2,ans shuffle=byte,primary,1.65622401,-1,13.8520965,1.95901601,1
fields/00017__plt00005__fab0000_comp02_logden.f32__c0014__dt-f32/chunk_0,1000000,2,ans shuffle=byte,primary,0.595968008,-1,1.12957804,4.30912801,1
fields/00018__plt00006__fab0000_comp00_density.f32__c0006__dt-f32/chunk_0,1000000,2,ans shuffle=byte,primary,1.45548797,-1,1.25189053,4.80586397,1
fields/00019__plt00006__fab0000_comp01_rho_E.f32__c0006__dt-f32/chunk_0,1000000,2,ans shuffle=byte,primary,1.25766397,-1,13.8520965,1.56045597,1
fields/00015__plt00005__fab0000_comp00_density.f32__c0006__dt-f32/chunk_0,1000000,2,ans shuffle=byte,primary,2.75455999,-1,1.25189053,6.10493599,1
fields/00018__plt00006__fab0000_comp00_density.f32__c0014__dt-f32/chunk_0,1000000,2,ans shuffle=byte,primary,1.53161597,-1,1.25189053,4.88199197,1
fields/00021__plt00007__fab0000_comp00_density.f32__c0006__dt-f32/chunk_0,1000000,2,ans shuffle=byte,primary,2.3776319,-1,1.25189053,5.7280079,1
fields/00025__plt00008__fab0000_comp01_rho_E.f32__c0014__dt-f32/chunk_0,1000000,2,ans shuffle=byte,primary,1.32934403,-1,13.8520965,1.63213603,1
fields/00022__plt00007__fab0000_comp01_rho_E.f32__c0014__dt-f32/chunk_0,1000000,2,ans shuffle=byte,primary,2.02425599,-1,13.8520965,2.32704799,1
fields/00021__plt00007__fab0000_comp00_density.f32__c0014__dt-f32/chunk_0,1000000,2,ans shuffle=byte,primary,2.20873594,-1,1.25189053,5.55911194,1
fields/00020__plt00006__fab0000_comp02_logden.f32__c0014__dt-f32/chunk_0,1000000,2,ans shuffle=byte,primary,2.44467211,-1,1.12957804,6.15783211,1
fields/00023__plt00007__fab0000_comp02_logden.f32__c0014__dt-f32/chunk_0,1000000,2,ans shuffle=byte,primary,2.06316805,-1,1.12957804,5.77632805,1
fields/00020__plt00006__fab0000_comp02_logden.f32__c0006__dt-f32/chunk_0,1000000,2,ans shuffle=byte,primary,2.5855999,-1,1.12957561,6.2987679,1
fields/00022__plt00007__fab0000_comp01_rho_E.f32__c0006__dt-f32/chunk_0,1000000,2,ans shuffle=byte,primary,1.86630404,-1,13.8520965,2.16909604,1
fields/00023__plt00007__fab0000_comp02_logden.f32__c0006__dt-f32/chunk_0,1000000,2,ans shuffle=byte,primary,1.45606399,-1,1.12957561,5.16923199,1
fields/00026__plt00008__fab0000_comp02_logden.f32__c0014__dt-f32/chunk_0,1000000,2,ans shuffle=byte,primary,2.18854403,-1,1.12957804,5.90170403,1
fields/00028__plt00009__fab0000_comp01_rho_E.f32__c0006__dt-f32/chunk_0,1000000,2,ans shuffle=byte,primary,5.91334391,-1,13.7680672,6.21798391,1
fields/00024__plt00008__fab0000_comp00_density.f32__c0006__dt-f32/chunk_0,1000000,2,ans shuffle=byte,primary,1.62182403,-1,1.25189053,4.97220003,1
fields/00024__plt00008__fab0000_comp00_density.f32__c0014__dt-f32/chunk_0,1000000,2,ans shuffle=byte,primary,2.54291201,-1,1.25189053,5.89328801,1
fields/00025__plt00008__fab0000_comp01_rho_E.f32__c0006__dt-f32/chunk_0,1000000,2,ans shuffle=byte,primary,2.66918397,-1,13.8520965,2.97197597,1
fields/00026__plt00008__fab0000_comp02_logden.f32__c0006__dt-f32/chunk_0,1000000,2,ans shuffle=byte,primary,3.04457593,-1,1.12957561,6.75774393,1
fields/00028__plt00009__fab0000_comp01_rho_E.f32__c0014__dt-f32/chunk_0,1000000,2,ans shuffle=byte,primary,3.10041595,-1,13.8520965,3.40320795,1
fields/00027__plt00009__fab0000_comp00_density.f32__c0006__dt-f32/chunk_0,1000000,2,ans shuffle=byte,primary,1.58403206,-1,1.25189053,4.93440806,1
fields/00029__plt00009__fab0000_comp02_logden.f32__c0006__dt-f32/chunk_0,1000000,2,ans shuffle=byte,primary,3.56156802,-1,1.12957804,7.27472802,1
fields/00029__plt00009__fab0000_comp02_logden.f32__c0014__dt-f32/chunk_0,1000000,2,ans shuffle=byte,primary,3.23692799,-1,1.12957804,6.95008799,1
fields/00027__plt00009__fab0000_comp00_density.f32__c0014__dt-f32/chunk_0,1000000,2,ans shuffle=byte,primary,2.90694404,-1,1.25189053,6.25732004,1
fields/00031__plt00010__fab0000_comp01_rho_E.f32__c0014__dt-f32/chunk_0,1000000,2,ans shuffle=byte,primary,2.7960639,-1,13.8520965,3.0988559,1
fields/00031__plt00010__fab0000_comp01_rho_E.f32__c0006__dt-f32/chunk_0,1000000,2,ans shuffle=byte,primary,3.31379199,-1,13.6175164,3.62179999,1
fields/00030__plt00010__fab0000_comp00_density.f32__c0006__dt-f32/chunk_0,1000000,2,ans shuffle=byte,primary,3.63619208,-1,1.25189352,6.98656008,1
fields/00032__plt00010__fab0000_comp02_logden.f32__c0014__dt-f32/chunk_0,1000000,2,ans shuffle=byte,primary,2.86742401,-1,1.12957804,6.58058401,1
fields/00033__plt00011__fab0000_comp00_density.f32__c0006__dt-f32/chunk_0,1000000,2,ans shuffle=byte,primary,3.32860804,-1,1.25187559,6.67902404,1
fields/00030__plt00010__fab0000_comp00_density.f32__c0014__dt-f32/chunk_0,1000000,2,ans shuffle=byte,primary,2.784096,-1,1.25189053,6.134472,1
fields/00034__plt00011__fab0000_comp01_rho_E.f32__c0014__dt-f32/chunk_0,1000000,2,ans shuffle=byte,primary,1.93449605,-1,13.8520965,2.23728805,1
fields/00037__plt00012__fab0000_comp01_rho_E.f32__c0014__dt-f32/chunk_0,1000000,2,ans shuffle=byte,primary,2.00691199,-1,13.8520965,2.30970399,1
fields/00034__plt00011__fab0000_comp01_rho_E.f32__c0006__dt-f32/chunk_0,1000000,2,ans shuffle=byte,primary,10.1591043,-1,13.2134027,10.4765323,1
fields/00033__plt00011__fab0000_comp00_density.f32__c0014__dt-f32/chunk_0,1000000,2,ans shuffle=byte,primary,3.1407361,-1,1.25189053,6.4911121,1
fields/00032__plt00010__fab0000_comp02_logden.f32__c0006__dt-f32/chunk_0,1000000,2,ans shuffle=byte,primary,3.06057596,-1,1.12956952,6.77376396,1
fields/00035__plt00011__fab0000_comp02_logden.f32__c0014__dt-f32/chunk_0,1000000,2,ans shuffle=byte,primary,0.964767992,-1,1.12957804,4.67792799,1
fields/00036__plt00012__fab0000_comp00_density.f32__c0006__dt-f32/chunk_0,1000000,2,ans shuffle=byte,primary,3.04707193,-1,1.25183673,6.39759193,1
fields/00035__plt00011__fab0000_comp02_logden.f32__c0006__dt-f32/chunk_0,1000000,2,ans shuffle=byte,primary,1.87180805,-1,1.12960116,5.58489205,1
fields/00038__plt00012__fab0000_comp02_logden.f32__c0006__dt-f32/chunk_0,1000000,2,ans shuffle=byte,primary,3.47446394,-1,1.12968148,7.18728394,1
fields/00037__plt00012__fab0000_comp01_rho_E.f32__c0006__dt-f32/chunk_0,1000000,2,ans shuffle=byte,primary,2.59350395,-1,12.5009061,2.92902395,1
fields/00039__plt00013__fab0000_comp00_density.f32__c0006__dt-f32/chunk_0,1000000,2,ans shuffle=byte,primary,2.97036791,-1,1.25178442,6.32102791,1
fields/00040__plt00013__fab0000_comp01_rho_E.f32__c0006__dt-f32/chunk_0,1000000,2,ans shuffle=byte,primary,2.02591991,-1,11.8077564,2.38113591,1
fields/00036__plt00012__fab0000_comp00_density.f32__c0014__dt-f32/chunk_0,1000000,2,ans shuffle=byte,primary,2.96518397,-1,1.25189053,6.31555997,1
fields/00039__plt00013__fab0000_comp00_density.f32__c0014__dt-f32/chunk_0,1000000,2,ans shuffle=byte,primary,3.12803197,-1,1.25189053,6.47840797,1
fields/00041__plt00013__fab0000_comp02_logden.f32__c0006__dt-f32/chunk_0,1000000,2,ans shuffle=byte,primary,2.68249607,-1,1.12967905,6.39532407,1
fields/00038__plt00012__fab0000_comp02_logden.f32__c0014__dt-f32/chunk_0,1000000,2,ans shuffle=byte,primary,2.98463988,-1,1.12957804,6.69779988,1
fields/00040__plt00013__fab0000_comp01_rho_E.f32__c0014__dt-f32/chunk_0,1000000,2,ans shuffle=byte,primary,3.1559999,-1,13.8520965,3.4587919,1
fields/00042__plt00014__fab0000_comp00_density.f32__c0006__dt-f32/chunk_0,1000000,2,ans shuffle=byte,primary,2.61958408,-1,1.25167833,5.97052808,1
fields/00044__plt00014__fab0000_comp02_logden.f32__c0014__dt-f32/chunk_0,1000000,2,ans shuffle=byte,primary,3.05097604,-1,1.12957804,6.76413604,1
fields/00041__plt00013__fab0000_comp02_logden.f32__c0014__dt-f32/chunk_0,1000000,2,ans shuffle=byte,primary,1.94329596,-1,1.12957804,5.65645596,1
fields/00042__plt00014__fab0000_comp00_density.f32__c0014__dt-f32/chunk_0,1000000,2,ans shuffle=byte,primary,2.62835193,-1,1.25189053,5.97872793,1
fields/00043__plt00014__fab0000_comp01_rho_E.f32__c0006__dt-f32/chunk_0,1000000,2,ans shuffle=byte,primary,3.95264006,-1,11.2109996,4.32676406,1
fields/00043__plt00014__fab0000_comp01_rho_E.f32__c0014__dt-f32/chunk_0,1000000,2,ans shuffle=byte,primary,3.72291207,-1,13.8520965,4.02570407,1
fields/00045__plt00015__fab0000_comp00_density.f32__c0006__dt-f32/chunk_0,1000000,2,ans shuffle=byte,primary,3.79324794,-1,1.25148861,7.14469994,1
fields/00046__plt00015__fab0000_comp01_rho_E.f32__c0014__dt-f32/chunk_0,1000000,2,ans shuffle=byte,primary,3.70265603,-1,13.8520965,4.00544803,1
fields/00047__plt00015__fab0000_comp02_logden.f32__c0006__dt-f32/chunk_0,1000000,2,ans shuffle=byte,primary,2.77702403,-1,1.12979711,6.48946403,1
fields/00044__plt00014__fab0000_comp02_logden.f32__c0006__dt-f32/chunk_0,1000000,2,ans shuffle=byte,primary,3.92230392,-1,1.1297326,7.63495592,1
fields/00045__plt00015__fab0000_comp00_density.f32__c0014__dt-f32/chunk_0,1000000,2,ans shuffle=byte,primary,3.53334403,-1,1.25189053,6.88372003,1
fields/00046__plt00015__fab0000_comp01_rho_E.f32__c0006__dt-f32/chunk_0,1000000,2,ans shuffle=byte,primary,3.68844795,-1,10.7076219,4.08015995,1
fields/00047__plt00015__fab0000_comp02_logden.f32__c0014__dt-f32/chunk_0,1000000,2,ans shuffle=byte,primary,3.00035191,-1,1.12957804,6.71351191,1
fields/00048__plt00016__fab0000_comp00_density.f32__c0014__dt-f32/chunk_0,1000000,2,ans shuffle=byte,primary,1.63593602,-1,1.25189053,4.98631202,1
fields/00049__plt00016__fab0000_comp01_rho_E.f32__c0006__dt-f32/chunk_0,1000000,2,ans shuffle=byte,primary,3.97603202,-1,10.2045233,4.38705602,1
fields/00051__plt00017__fab0000_comp00_density.f32__c0014__dt-f32/chunk_0,1000000,2,ans shuffle=byte,primary,1.93811202,-1,1.25189053,5.28848802,1
fields/00053__plt00017__fab0000_comp02_logden.f32__c0014__dt-f32/chunk_0,1000000,2,ans shuffle=byte,primary,4.41516781,-1,1.12957804,8.12832781,1
fields/00049__plt00016__fab0000_comp01_rho_E.f32__c0014__dt-f32/chunk_0,1000000,2,ans shuffle=byte,primary,3.33401608,-1,13.8520965,3.63680808,1
fields/00048__plt00016__fab0000_comp00_density.f32__c0006__dt-f32/chunk_0,1000000,2,ans shuffle=byte,primary,3.54252791,-1,1.2512213,6.89469591,1
fields/00050__plt00016__fab0000_comp02_logden.f32__c0006__dt-f32/chunk_0,1000000,2,ans shuffle=byte,primary,3.82617593,-1,1.12984216,7.53846793,1
fields/00050__plt00016__fab0000_comp02_logden.f32__c0014__dt-f32/chunk_0,1000000,2,ans shuffle=byte,primary,11.1177921,-1,1.12957804,14.8309521,1
fields/00051__plt00017__fab0000_comp00_density.f32__c0006__dt-f32/chunk_0,1000000,2,ans shuffle=byte,primary,4.71011209,-1,1.25083771,8.06330809,1
fields/00052__plt00017__fab0000_comp01_rho_E.f32__c0006__dt-f32/chunk_0,1000000,2,ans shuffle=byte,primary,3.22739196,-1,9.68965772,3.66025596,1
fields/00054__plt00018__fab0000_comp00_density.f32__c0006__dt-f32/chunk_0,1000000,2,ans shuffle=byte,primary,3.32102394,-1,1.25036638,6.67548394,1
fields/00052__plt00017__fab0000_comp01_rho_E.f32__c0014__dt-f32/chunk_0,1000000,2,ans shuffle=byte,primary,3.85475206,-1,13.8520965,4.15754406,1
fields/00055__plt00018__fab0000_comp01_rho_E.f32__c0006__dt-f32/chunk_0,1000000,2,ans shuffle=byte,primary,1.47676802,-1,9.29053294,1.92822802,1
fields/00053__plt00017__fab0000_comp02_logden.f32__c0006__dt-f32/chunk_0,1000000,2,ans shuffle=byte,primary,4.32681608,-1,1.12986894,8.03902008,1
fields/00054__plt00018__fab0000_comp00_density.f32__c0014__dt-f32/chunk_0,1000000,2,ans shuffle=byte,primary,2.48912001,-1,1.25189053,5.83949601,1
fields/00058__plt00019__fab0000_comp01_rho_E.f32__c0006__dt-f32/chunk_0,1000000,2,ans shuffle=byte,primary,3.80998397,-1,8.8249859,4.28525997,1
fields/00056__plt00018__fab0000_comp02_logden.f32__c0014__dt-f32/chunk_0,1000000,2,ans shuffle=byte,primary,3.47302389,-1,1.12957804,7.18618389,1
fields/00056__plt00018__fab0000_comp02_logden.f32__c0006__dt-f32/chunk_0,1000000,2,ans shuffle=byte,primary,2.77859211,-1,1.12975086,6.49118411,1
fields/00055__plt00018__fab0000_comp01_rho_E.f32__c0014__dt-f32/chunk_0,1000000,2,ans shuffle=byte,primary,3.19804811,-1,13.8520965,3.50084011,1
fields/00057__plt00019__fab0000_comp00_density.f32__c0006__dt-f32/chunk_0,1000000,2,ans shuffle=byte,primary,15.6841917,-1,1.24977325,19.0402437,1
fields/00060__plt00020__fab0000_comp00_density.f32__c0014__dt-f32/chunk_0,1000000,2,ans shuffle=byte,primary,2.07279992,-1,1.25189053,5.42317592,1
fields/00061__plt00020__fab0000_comp01_rho_E.f32__c0014__dt-f32/chunk_0,1000000,2,ans shuffle=byte,primary,3.199296,-1,13.8520965,3.502088,1
fields/00062__plt00020__fab0000_comp02_logden.f32__c0006__dt-f32/chunk_0,1000000,2,ans shuffle=byte,primary,3.7682879,-1,1.12979225,7.4807439,1
fields/00060__plt00020__fab0000_comp00_density.f32__c0006__dt-f32/chunk_0,1000000,2,ans shuffle=byte,primary,2.51334405,-1,1.24926699,5.87075605,1
fields/00058__plt00019__fab0000_comp01_rho_E.f32__c0014__dt-f32/chunk_0,1000000,2,ans shuffle=byte,primary,2.05625606,-1,13.8520965,2.35904806,1
fields/00059__plt00019__fab0000_comp02_logden.f32__c0014__dt-f32/chunk_0,1000000,2,ans shuffle=byte,primary,3.38905597,-1,1.12957804,7.10221597,1
fields/00059__plt00019__fab0000_comp02_logden.f32__c0006__dt-f32/chunk_0,1000000,2,ans shuffle=byte,primary,4.39478397,-1,1.1297253,8.10745997,1
fields/00057__plt00019__fab0000_comp00_density.f32__c0014__dt-f32/chunk_0,1000000,2,ans shuffle=byte,primary,3.200032,-1,1.25189053,6.550408,1
fields/00061__plt00020__fab0000_comp01_rho_E.f32__c0006__dt-f32/chunk_0,1000000,2,ans shuffle=byte,primary,2.98361611,-1,8.47532755,3.47850011,1
fields/00063__plt00021__fab0000_comp00_density.f32__c0014__dt-f32/chunk_0,1000000,2,ans shuffle=byte,primary,4.24905586,-1,1.25189053,7.59943186,1
fields/00063__plt00021__fab0000_comp00_density.f32__c0006__dt-f32/chunk_0,1000000,2,ans shuffle=byte,primary,3.86867189,-1,1.24861097,7.22784789,1
fields/00065__plt00021__fab0000_comp02_logden.f32__c0014__dt-f32/chunk_0,1000000,2,ans shuffle=byte,primary,1.96329606,-1,1.12957804,5.67645606,1
fields/00064__plt00021__fab0000_comp01_rho_E.f32__c0006__dt-f32/chunk_0,1000000,2,ans shuffle=byte,primary,1.83081603,-1,8.1143432,2.34771603,1
fields/00062__plt00020__fab0000_comp02_logden.f32__c0014__dt-f32/chunk_0,1000000,2,ans shuffle=byte,primary,4.25404787,-1,1.12957804,7.96720787,1
fields/00064__plt00021__fab0000_comp01_rho_E.f32__c0014__dt-f32/chunk_0,1000000,2,ans shuffle=byte,primary,1.94220805,-1,13.8520965,2.24500005,1
fields/00065__plt00021__fab0000_comp02_logden.f32__c0006__dt-f32/chunk_0,1000000,2,ans shuffle=byte,primary,3.101408,-1,1.12976851,6.813942,1
fields/00067__plt00022__fab0000_comp01_rho_E.f32__c0006__dt-f32/chunk_0,1000000,2,ans shuffle=byte,primary,2.77699208,-1,7.86262953,3.31044008,1
fields/00070__plt00023__fab0000_comp01_rho_E.f32__c0006__dt-f32/chunk_0,1000000,2,ans shuffle=byte,primary,4.10409594,-1,7.65903862,4.65172394,1
fields/00066__plt00022__fab0000_comp00_density.f32__c0014__dt-f32/chunk_0,1000000,2,ans shuffle=byte,primary,1.90086401,-1,1.25189053,5.25124001,1
fields/00067__plt00022__fab0000_comp01_rho_E.f32__c0014__dt-f32/chunk_0,1000000,2,ans shuffle=byte,primary,3.14886403,-1,13.8520965,3.45165603,1
fields/00068__plt00022__fab0000_comp02_logden.f32__c0006__dt-f32/chunk_0,1000000,2,ans shuffle=byte,primary,4.04028797,-1,1.12963219,7.75326997,1
fields/00069__plt00023__fab0000_comp00_density.f32__c0006__dt-f32/chunk_0,1000000,2,ans shuffle=byte,primary,10.3551044,-1,1.24700876,13.7185964,1
fields/00066__plt00022__fab0000_comp00_density.f32__c0006__dt-f32/chunk_0,1000000,2,ans shuffle=byte,primary,3.843328,-1,1.24765271,7.205084,1
fields/00068__plt00022__fab0000_comp02_logden.f32__c0014__dt-f32/chunk_0,1000000,2,ans shuffle=byte,primary,3.11599994,-1,1.12957804,6.82915994,1
fields/00070__plt00023__fab0000_comp01_rho_E.f32__c0014__dt-f32/chunk_0,1000000,2,ans shuffle=byte,primary,3.75414395,-1,13.8520965,4.05693595,1
fields/00071__plt00023__fab0000_comp02_logden.f32__c0014__dt-f32/chunk_0,1000000,2,ans shuffle=byte,primary,3.55462408,-1,1.12957804,7.26778408,1
fields/00069__plt00023__fab0000_comp00_density.f32__c0014__dt-f32/chunk_0,1000000,2,ans shuffle=byte,primary,4.38070393,-1,1.25189053,7.73107993,1
fields/00074__plt00024__fab0000_comp02_logden.f32__c0006__dt-f32/chunk_0,1000000,2,ans shuffle=byte,primary,3.53916788,-1,1.12945698,7.25272588,1
fields/00071__plt00023__fab0000_comp02_logden.f32__c0006__dt-f32/chunk_0,1000000,2,ans shuffle=byte,primary,3.79187202,-1,1.12960177,7.50495402,1
fields/00072__plt00024__fab0000_comp00_density.f32__c0006__dt-f32/chunk_0,1000000,2,ans shuffle=byte,primary,3.82307196,-1,1.24649438,7.18795196,1
fields/00073__plt00024__fab0000_comp01_rho_E.f32__c0006__dt-f32/chunk_0,1000000,2,ans shuffle=byte,primary,2.53487992,-1,7.46742629,3.09655992,1
fields/00075__plt00025__fab0000_comp00_density.f32__c0006__dt-f32/chunk_0,1000000,2,ans shuffle=byte,primary,3.81699204,-1,1.24593156,7.18339204,1
fields/00078__plt00026__fab0000_comp00_density.f32__c0014__dt-f32/chunk_0,1000000,2,ans shuffle=byte,primary,2.13222408,-1,1.25189053,5.48260008,1
fields/00072__plt00024__fab0000_comp00_density.f32__c0014__dt-f32/chunk_0,1000000,2,ans shuffle=byte,primary,3.81958389,-1,1.25189053,7.16995989,1
fields/00073__plt00024__fab0000_comp01_rho_E.f32__c0014__dt-f32/chunk_0,1000000,2,ans shuffle=byte,primary,1.97599995,-1,13.8520965,2.27879195,1
fields/00075__plt00025__fab0000_comp00_density.f32__c0014__dt-f32/chunk_0,1000000,2,ans shuffle=byte,primary,3.472224,-1,1.25189053,6.8226,1
fields/00074__plt00024__fab0000_comp02_logden.f32__c0014__dt-f32/chunk_0,1000000,2,ans shuffle=byte,primary,2.74015999,-1,1.12957804,6.45331999,1
fields/00076__plt00025__fab0000_comp01_rho_E.f32__c0014__dt-f32/chunk_0,1000000,2,ans shuffle=byte,primary,2.68790388,-1,13.8520965,2.99069588,1
fields/00076__plt00025__fab0000_comp01_rho_E.f32__c0006__dt-f32/chunk_0,1000000,2,ans shuffle=byte,primary,2.89935994,-1,7.2865849,3.47497994,1
fields/00077__plt00025__fab0000_comp02_logden.f32__c0006__dt-f32/chunk_0,1000000,2,ans shuffle=byte,primary,2.12550402,-1,1.12937791,5.83932202,1
fields/00079__plt00026__fab0000_comp01_rho_E.f32__c0006__dt-f32/chunk_0,1000000,2,ans shuffle=byte,primary,6.23014402,-1,7.11497123,6.81964802,1
fields/00078__plt00026__fab0000_comp00_density.f32__c0006__dt-f32/chunk_0,1000000,2,ans shuffle=byte,primary,2.12646389,-1,1.24537221,5.49437589,1
fields/00080__plt00026__fab0000_comp02_logden.f32__c0006__dt-f32/chunk_0,1000000,2,ans shuffle=byte,primary,2.66316795,-1,1.12933169,6.37713795,1
fields/00079__plt00026__fab0000_comp01_rho_E.f32__c0014__dt-f32/chunk_0,1000000,2,ans shuffle=byte,primary,3.0841279,-1,13.8520965,3.3869199,1
fields/00081__plt00027__fab0000_comp00_density.f32__c0014__dt-f32/chunk_0,1000000,2,ans shuffle=byte,primary,3.99052811,-1,1.25189053,7.34090411,1
fields/00080__plt00026__fab0000_comp02_logden.f32__c0014__dt-f32/chunk_0,1000000,2,ans shuffle=byte,primary,4.31321621,-1,1.12957804,8.02637621,1
fields/00077__plt00025__fab0000_comp02_logden.f32__c0014__dt-f32/chunk_0,1000000,2,ans shuffle=byte,primary,1.77865601,-1,1.12957804,5.49181601,1
fields/00084__plt00028__fab0000_comp00_density.f32__c0006__dt-f32/chunk_0,1000000,2,ans shuffle=byte,primary,2.87484789,-1,1.24444107,6.24527989,1
fields/00082__plt00027__fab0000_comp01_rho_E.f32__c0006__dt-f32/chunk_0,1000000,2,ans shuffle=byte,primary,3.19305611,-1,6.95512825,3.79610811,1
fields/00082__plt00027__fab0000_comp01_rho_E.f32__c0014__dt-f32/chunk_0,1000000,2,ans shuffle=byte,primary,2.56774402,-1,13.8520965,2.87053602,1
fields/00085__plt00028__fab0000_comp01_rho_E.f32__c0006__dt-f32/chunk_0,1000000,2,ans shuffle=byte,primary,2.8577919,-1,6.80173583,3.4744439,1
fields/00083__plt00027__fab0000_comp02_logden.f32__c0006__dt-f32/chunk_0,1000000,2,ans shuffle=byte,primary,4.0092802,-1,1.12924047,7.7235502,1
fields/00083__plt00027__fab0000_comp02_logden.f32__c0014__dt-f32/chunk_0,1000000,2,ans shuffle=byte,primary,3.7563839,-1,1.12957804,7.4695439,1
fields/00085__plt00028__fab0000_comp01_rho_E.f32__c0014__dt-f32/chunk_0,1000000,2,ans shuffle=byte,primary,3.74796796,-1,13.8520965,4.05075996,1
fields/00081__plt00027__fab0000_comp00_density.f32__c0006__dt-f32/chunk_0,1000000,2,ans shuffle=byte,primary,3.63583994,-1,1.24488282,7.00507594,1
fields/00084__plt00028__fab0000_comp00_density.f32__c0014__dt-f32/chunk_0,1000000,2,ans shuffle=byte,primary,2.37404799,-1,1.25189053,5.72442399,1
fields/00086__plt00028__fab0000_comp02_logden.f32__c0006__dt-f32/chunk_0,1000000,2,ans shuffle=byte,primary,1.86368001,-1,1.12914988,5.57824801,1
fields/00088__plt00029__fab0000_comp01_rho_E.f32__c0006__dt-f32/chunk_0,1000000,2,ans shuffle=byte,primary,2.27075195,-1,6.65276782,2.90121195,1
fields/00089__plt00029__fab0000_comp02_logden.f32__c0014__dt-f32/chunk_0,1000000,2,ans shuffle=byte,primary,3.95472002,-1,1.12957804,7.66788002,1
fields/00091__plt00030__fab0000_comp01_rho_E.f32__c0006__dt-f32/chunk_0,1000000,2,ans shuffle=byte,primary,3.39020801,-1,6.51625372,4.03387601,1
fields/00091__plt00030__fab0000_comp01_rho_E.f32__c0014__dt-f32/chunk_0,1000000,2,ans shuffle=byte,primary,1.834144,-1,13.8520965,2.136936,1
fields/00086__plt00028__fab0000_comp02_logden.f32__c0014__dt-f32/chunk_0,1000000,2,ans shuffle=byte,primary,4.06873608,-1,1.12957804,7.78189608,1
fields/00087__plt00029__fab0000_comp00_density.f32__c0014__dt-f32/chunk_0,1000000,2,ans shuffle=byte,primary,2.39724803,-1,1.25189053,5.74762403,1
fields/00087__plt00029__fab0000_comp00_density.f32__c0006__dt-f32/chunk_0,1000000,2,ans shuffle=byte,primary,3.62227201,-1,1.24378715,6.99447601,1
fields/00090__plt00030__fab0000_comp00_density.f32__c0014__dt-f32/chunk_0,1000000,2,ans shuffle=byte,primary,6.36121607,-1,1.25189053,9.71159207,1
fields/00088__plt00029__fab0000_comp01_rho_E.f32__c0014__dt-f32/chunk_0,1000000,2,ans shuffle=byte,primary,1.48457599,-1,13.8520965,1.78736799,1
fields/00089__plt00029__fab0000_comp02_logden.f32__c0006__dt-f32/chunk_0,1000000,2,ans shuffle=byte,primary,2.57728004,-1,1.12901067,6.29230604,1
fields/00092__plt00030__fab0000_comp02_logden.f32__c0014__dt-f32/chunk_0,1000000,2,ans shuffle=byte,primary,3.2516799,-1,1.12957804,6.9648399,1
fields/00090__plt00030__fab0000_comp00_density.f32__c0006__dt-f32/chunk_0,1000000,2,ans shuffle=byte,primary,4.10185623,-1,1.2433447,7.47526023,1
fields/00092__plt00030__fab0000_comp02_logden.f32__c0006__dt-f32/chunk_0,1000000,2,ans shuffle=byte,primary,3.12755203,-1,1.12894017,6.84281003,1
fields/00093__plt00031__fab0000_comp00_density.f32__c0006__dt-f32/chunk_0,1000000,2,ans shuffle=byte,primary,2.37488008,-1,1.24270519,5.75002008,1
fields/00093__plt00031__fab0000_comp00_density.f32__c0014__dt-f32/chunk_0,1000000,2,ans shuffle=byte,primary,2.72684789,-1,1.25189053,6.07722389,1
fields/00094__plt00031__fab0000_comp01_rho_E.f32__c0006__dt-f32/chunk_0,1000000,2,ans shuffle=byte,primary,2.41126394,-1,6.38355797,3.06831194,1
fields/00099__plt00033__fab0000_comp00_density.f32__c0006__dt-f32/chunk_0,1000000,2,ans shuffle=byte,primary,1.25715196,-1,1.24153544,4.63547196,1
fields/00094__plt00031__fab0000_comp01_rho_E.f32__c0014__dt-f32/chunk_0,1000000,2,ans shuffle=byte,primary,3.58902407,-1,13.8520965,3.89181607,1
fields/00095__plt00031__fab0000_comp02_logden.f32__c0006__dt-f32/chunk_0,1000000,2,ans shuffle=byte,primary,3.39532804,-1,1.12876274,7.11117004,1
fields/00096__plt00032__fab0000_comp00_density.f32__c0006__dt-f32/chunk_0,1000000,2,ans shuffle=byte,primary,3.03487992,-1,1.24213696,6.41156392,1
fields/00095__plt00031__fab0000_comp02_logden.f32__c0014__dt-f32/chunk_0,1000000,2,ans shuffle=byte,primary,3.09331203,-1,1.12957804,6.80647203,1
fields/00098__plt00032__fab0000_comp02_logden.f32__c0014__dt-f32/chunk_0,1000000,2,ans shuffle=byte,primary,2.05027199,-1,1.12957804,5.76343199,1
fields/00096__plt00032__fab0000_comp00_density.f32__c0014__dt-f32/chunk_0,1000000,2,ans shuffle=byte,primary,3.67878389,-1,1.25189053,7.02915989,1
fields/00097__plt00032__fab0000_comp01_rho_E.f32__c0006__dt-f32/chunk_0,1000000,2,ans shuffle=byte,primary,3.49718404,-1,6.25720406,4.16750004,1
fields/00097__plt00032__fab0000_comp01_rho_E.f32__c0014__dt-f32/chunk_0,1000000,2,ans shuffle=byte,primary,2.44905591,-1,13.8520965,2.75184791,1
fields/00098__plt00032__fab0000_comp02_logden.f32__c0006__dt-f32/chunk_0,1000000,2,ans shuffle=byte,primary,2.35747194,-1,1.12864368,6.07370594,1
fields/00099__plt00033__fab0000_comp00_density.f32__c0014__dt-f32/chunk_0,1000000,2,ans shuffle=byte,primary,1.87168002,-1,1.25189053,5.22205602,1
fields/00100__plt00033__fab0000_comp01_rho_E.f32__c0006__dt-f32/chunk_0,1000000,2,ans shuffle=byte,primary,1.24467194,-1,6.12192758,1.92979994,1
fields/00100__plt00033__fab0000_comp01_rho_E.f32__c0014__dt-f32/chunk_0,1000000,2,ans shuffle=byte,primary,2.31900811,-1,13.8520965,2.62180011,1
fields/00102__plt00034__fab0000_comp00_density.f32__c0014__dt-f32/chunk_0,1000000,2,ans shuffle=byte,primary,2.83071995,-1,1.25189053,6.18109595,1
fields/00102__plt00034__fab0000_comp00_density.f32__c0006__dt-f32/chunk_0,1000000,2,ans shuffle=byte,primary,3.15689611,-1,1.24100059,6.53667211,1
fields/00101__plt00033__fab0000_comp02_logden.f32__c0006__dt-f32/chunk_0,1000000,2,ans shuffle=byte,primary,2.07129598,-1,1.12849184,5.78802998,1
fields/00104__plt00034__fab0000_comp02_logden.f32__c0006__dt-f32/chunk_0,1000000,2,ans shuffle=byte,primary,2.04201603,-1,1.12838376,5.75910603,1
fields/00106__plt00035__fab0000_comp01_rho_E.f32__c0014__dt-f32/chunk_0,1000000,2,ans shuffle=byte,primary,1.04966402,-1,13.8520965,1.35245602,1
fields/00104__plt00034__fab0000_comp02_logden.f32__c0014__dt-f32/chunk_0,1000000,2,ans shuffle=byte,primary,2.15430403,-1,1.12957804,5.86746403,1
fields/00105__plt00035__fab0000_comp00_density.f32__c0014__dt-f32/chunk_0,1000000,2,ans shuffle=byte,primary,2.73980808,-1,1.25189053,6.09018408,1
fields/00101__plt00033__fab0000_comp02_logden.f32__c0014__dt-f32/chunk_0,1000000,2,ans shuffle=byte,primary,3.92428803,-1,1.12957804,7.63744803,1
fields/00103__plt00034__fab0000_comp01_rho_E.f32__c0006__dt-f32/chunk_0,1000000,2,ans shuffle=byte,primary,2.3566401,-1,5.99378087,3.0564161,1
fields/00103__plt00034__fab0000_comp01_rho_E.f32__c0014__dt-f32/chunk_0,1000000,2,ans shuffle=byte,primary,1.96924806,-1,13.8520965,2.27204006,1
fields/00105__plt00035__fab0000_comp00_density.f32__c0006__dt-f32/chunk_0,1000000,2,ans shuffle=byte,primary,1.10041595,-1,1.24022705,4.48229995,1
fields/00106__plt00035__fab0000_comp01_rho_E.f32__c0006__dt-f32/chunk_0,1000000,2,ans shuffle=byte,primary,0.612031996,-1,5.87532989,1.325916,1
fields/00107__plt00035__fab0000_comp02_logden.f32__c0014__dt-f32/chunk_0,1000000,2,ans shuffle=byte,primary,3.09878397,-1,1.12957804,6.81194397,1
fields/00109__plt00036__fab0000_comp01_rho_E.f32__c0006__dt-f32/chunk_0,1000000,2,ans shuffle=byte,primary,1.69756806,-1,5.7574523,2.42606806,1
fields/00109__plt00036__fab0000_comp01_rho_E.f32__c0014__dt-f32/chunk_0,1000000,2,ans shuffle=byte,primary,2.29414392,-1,13.8520965,2.59693592,1
fields/00108__plt00036__fab0000_comp00_density.f32__c0014__dt-f32/chunk_0,1000000,2,ans shuffle=byte,primary,3.07795191,-1,1.25189053,6.42832791,1
fields/00107__plt00035__fab0000_comp02_logden.f32__c0006__dt-f32/chunk_0,1000000,2,ans shuffle=byte,primary,2.64643192,-1,1.12821865,6.36406592,1
fields/00108__plt00036__fab0000_comp00_density.f32__c0006__dt-f32/chunk_0,1000000,2,ans shuffle=byte,primary,3.24131203,-1,1.23970798,6.62461203,1
fields/00111__plt00037__fab0000_comp00_density.f32__c0006__dt-f32/chunk_0,1000000,2,ans shuffle=byte,primary,2.19804811,-1,1.2391132,5.58297211,1
fields/00110__plt00036__fab0000_comp02_logden.f32__c0006__dt-f32/chunk_0,1000000,2,ans shuffle=byte,primary,3.34592009,-1,1.12811911,7.06388209,1
fields/00113__plt00037__fab0000_comp02_logden.f32__c0006__dt-f32/chunk_0,1000000,2,ans shuffle=byte,primary,2.55932808,-1,1.12796257,6.27780608,1
fields/00112__plt00037__fab0000_comp01_rho_E.f32__c0014__dt-f32/chunk_0,1000000,2,ans shuffle=byte,primary,3.21824002,-1,13.8520965,3.52103202,1
fields/00115__plt00038__fab0000_comp01_rho_E.f32__c0014__dt-f32/chunk_0,1000000,2,ans shuffle=byte,primary,3.03481603,-1,13.8520965,3.33760803,1
fields/00110__plt00036__fab0000_comp02_logden.f32__c0014__dt-f32/chunk_0,1000000,2,ans shuffle=byte,primary,1.63823998,-1,1.12957804,5.35139998,1
fields/00112__plt00037__fab0000_comp01_rho_E.f32__c0006__dt-f32/chunk_0,1000000,2,ans shuffle=byte,primary,1.31942403,-1,5.64047724,2.06303203,1
fields/00111__plt00037__fab0000_comp00_density.f32__c0014__dt-f32/chunk_0,1000000,2,ans shuffle=byte,primary,2.56553602,-1,1.25189053,5.91591202,1
fields/00113__plt00037__fab0000_comp02_logden.f32__c0014__dt-f32/chunk_0,1000000,2,ans shuffle=byte,primary,1.96585596,-1,1.12957804,5.67901596,1
fields/00114__plt00038__fab0000_comp00_density.f32__c0006__dt-f32/chunk_0,1000000,2,ans shuffle=byte,primary,1.93715203,-1,1.23852338,5.32368803,1
fields/00115__plt00038__fab0000_comp01_rho_E.f32__c0006__dt-f32/chunk_0,1000000,2,ans shuffle=byte,primary,2.56361604,-1,5.52821902,3.32232404,1
fields/00116__plt00038__fab0000_comp02_logden.f32__c0014__dt-f32/chunk_0,1000000,2,ans shuffle=byte,primary,2.3154881,-1,1.12957804,6.0286481,1
fields/00114__plt00038__fab0000_comp00_density.f32__c0014__dt-f32/chunk_0,1000000,2,ans shuffle=byte,primary,1.88451195,-1,1.25189053,5.23488795,1
fields/00119__plt00039__fab0000_comp02_logden.f32__c0014__dt-f32/chunk_0,1000000,2,ans shuffle=byte,primary,2.13046408,-1,1.12957804,5.84362408,1
fields/00118__plt00039__fab0000_comp01_rho_E.f32__c0006__dt-f32/chunk_0,1000000,2,ans shuffle=byte,primary,2.48166394,-1,5.42530591,3.25476394,1
fields/00116__plt00038__fab0000_comp02_logden.f32__c0006__dt-f32/chunk_0,1000000,2,ans shuffle=byte,primary,3.36879992,-1,1.12784003,7.08768192,1
fields/00117__plt00039__fab0000_comp00_density.f32__c0006__dt-f32/chunk_0,1000000,2,ans shuffle=byte,primary,2.96639991,-1,1.23798235,6.35441591,1
fields/00117__plt00039__fab0000_comp00_density.f32__c0014__dt-f32/chunk_0,1000000,2,ans shuffle=byte,primary,2.83417606,-1,1.25189053,6.18455206,1
fields/00118__plt00039__fab0000_comp01_rho_E.f32__c0014__dt-f32/chunk_0,1000000,2,ans shuffle=byte,primary,3.378016,-1,13.8520965,3.680808,1
fields/00121__plt00040__fab0000_comp01_rho_E.f32__c0006__dt-f32/chunk_0,1000000,2,ans shuffle=byte,primary,1.62118399,-1,5.32664144,2.40860399,1
fields/00121__plt00040__fab0000_comp01_rho_E.f32__c0014__dt-f32/chunk_0,1000000,2,ans shuffle=byte,primary,2.84422398,-1,13.8520965,3.14701598,1
fields/00119__plt00039__fab0000_comp02_logden.f32__c0006__dt-f32/chunk_0,1000000,2,ans shuffle=byte,primary,3.57024002,-1,1.12764476,7.28976602,1
fields/00120__plt00040__fab0000_comp00_density.f32__c0006__dt-f32/chunk_0,1000000,2,ans shuffle=byte,primary,3.44211197,-1,1.23738192,6.83177197,1
fields/00122__plt00040__fab0000_comp02_logden.f32__c0014__dt-f32/chunk_0,1000000,2,ans shuffle=byte,primary,2.69289589,-1,1.12957804,6.40605589,1
fields/00120__plt00040__fab0000_comp00_density.f32__c0014__dt-f32/chunk_0,1000000,2,ans shuffle=byte,primary,2.65375996,-1,1.25189053,6.00413596,1
fields/00123__plt00041__fab0000_comp00_density.f32__c0014__dt-f32/chunk_0,1000000,2,ans shuffle=byte,primary,2.68310404,-1,1.25189053,6.03348004,1
fields/00124__plt00041__fab0000_comp01_rho_E.f32__c0014__dt-f32/chunk_0,1000000,2,ans shuffle=byte,primary,1.59935999,-1,13.8520965,1.90215199,1
fields/00122__plt00040__fab0000_comp02_logden.f32__c0006__dt-f32/chunk_0,1000000,2,ans shuffle=byte,primary,3.45871997,-1,1.12755139,7.17855397,1
fields/00123__plt00041__fab0000_comp00_density.f32__c0006__dt-f32/chunk_0,1000000,2,ans shuffle=byte,primary,1.59939206,-1,1.2368025,4.99064006,1
fields/00124__plt00041__fab0000_comp01_rho_E.f32__c0006__dt-f32/chunk_0,1000000,2,ans shuffle=byte,primary,3.2934401,-1,5.23541953,4.0945801,1
fields/00128__plt00042__fab0000_comp02_logden.f32__c0006__dt-f32/chunk_0,1000000,2,ans shuffle=byte,primary,4.003232,-1,1.12719504,7.724242,1
fields/00126__plt00042__fab0000_comp00_density.f32__c0014__dt-f32/chunk_0,1000000,2,ans shuffle=byte,primary,4.23740816,-1,1.25189053,7.58778416,1
fields/00125__plt00041__fab0000_comp02_logden.f32__c0006__dt-f32/chunk_0,1000000,2,ans shuffle=byte,primary,3.46950412,-1,1.12735622,7.18998212,1
fields/00125__plt00041__fab0000_comp02_logden.f32__c0014__dt-f32/chunk_0,1000000,2,ans shuffle=byte,primary,2.22572803,-1,1.12957804,5.93888803,1
fields/00126__plt00042__fab0000_comp00_density.f32__c0006__dt-f32/chunk_0,1000000,2,ans shuffle=byte,primary,2.22675204,-1,1.23617844,5.61971204,1
fields/00127__plt00042__fab0000_comp01_rho_E.f32__c0006__dt-f32/chunk_0,1000000,2,ans shuffle=byte,primary,4.02934408,-1,5.14709261,4.84423208,1
fields/00127__plt00042__fab0000_comp01_rho_E.f32__c0014__dt-f32/chunk_0,1000000,2,ans shuffle=byte,primary,4.03904009,-1,13.8520965,4.34183209,1
fields/00128__plt00042__fab0000_comp02_logden.f32__c0014__dt-f32/chunk_0,1000000,2,ans shuffle=byte,primary,3.23104,-1,1.12957804,6.9442,1
fields/00129__plt00043__fab0000_comp00_density.f32__c0014__dt-f32/chunk_0,1000000,2,ans shuffle=byte,primary,3.37478399,-1,1.25189053,6.72515999,1
fields/00130__plt00043__fab0000_comp01_rho_E.f32__c0014__dt-f32/chunk_0,1000000,2,ans shuffle=byte,primary,1.58511996,-1,13.8520965,1.88791196,1
fields/00129__plt00043__fab0000_comp00_density.f32__c0006__dt-f32/chunk_0,1000000,2,ans shuffle=byte,primary,1.65843201,-1,1.23565256,5.05283601,1
fields/00130__plt00043__fab0000_comp01_rho_E.f32__c0006__dt-f32/chunk_0,1000000,2,ans shuffle=byte,primary,4.66492796,-1,5.06321192,5.49331596,1
fields/00131__plt00043__fab0000_comp02_logden.f32__c0006__dt-f32/chunk_0,1000000,2,ans shuffle=byte,primary,4.64982414,-1,1.12706903,8.37125014,1
fields/00133__plt00044__fab0000_comp01_rho_E.f32__c0014__dt-f32/chunk_0,1000000,2,ans shuffle=byte,primary,3.87289596,-1,13.8520965,4.17568796,1
fields/00134__plt00044__fab0000_comp02_logden.f32__c0006__dt-f32/chunk_0,1000000,2,ans shuffle=byte,primary,2.13366389,-1,1.12688977,5.85568189,1
fields/00132__plt00044__fab0000_comp00_density.f32__c0006__dt-f32/chunk_0,1000000,2,ans shuffle=byte,primary,3.43081594,-1,1.23500348,6.82700394,1
fields/00132__plt00044__fab0000_comp00_density.f32__c0014__dt-f32/chunk_0,1000000,2,ans shuffle=byte,primary,2.63222408,-1,1.25189053,5.98260008,1
fields/00135__plt00045__fab0000_comp00_density.f32__c0006__dt-f32/chunk_0,1000000,2,ans shuffle=byte,primary,1.45843196,-1,1.2344786,4.85606396,1
fields/00133__plt00044__fab0000_comp01_rho_E.f32__c0006__dt-f32/chunk_0,1000000,2,ans shuffle=byte,primary,1.837888,-1,4.97948988,2.680204,1
fields/00131__plt00043__fab0000_comp02_logden.f32__c0014__dt-f32/chunk_0,1000000,2,ans shuffle=byte,primary,4.20137596,-1,1.12957804,7.91453596,1
fields/00134__plt00044__fab0000_comp02_logden.f32__c0014__dt-f32/chunk_0,1000000,2,ans shuffle=byte,primary,3.19417596,-1,1.12957804,6.90733596,1
fields/00135__plt00045__fab0000_comp00_density.f32__c0014__dt-f32/chunk_0,1000000,2,ans shuffle=byte,primary,4.20828819,-1,1.25189053,7.55866419,1
fields/00136__plt00045__fab0000_comp01_rho_E.f32__c0006__dt-f32/chunk_0,1000000,2,ans shuffle=byte,primary,3.72035193,-1,4.89684448,4.57688393,1
fields/00137__plt00045__fab0000_comp02_logden.f32__c0014__dt-f32/chunk_0,1000000,2,ans shuffle=byte,primary,4.15263987,-1,1.12957804,7.86579987,1
fields/00136__plt00045__fab0000_comp01_rho_E.f32__c0014__dt-f32/chunk_0,1000000,2,ans shuffle=byte,primary,4.7053442,-1,13.8520965,5.0081362,1
fields/00140__plt00046__fab0000_comp02_logden.f32__c0014__dt-f32/chunk_0,1000000,2,ans shuffle=byte,primary,4.76377583,-1,1.12957804,8.47693583,1
fields/00137__plt00045__fab0000_comp02_logden.f32__c0006__dt-f32/chunk_0,1000000,2,ans shuffle=byte,primary,4.82399988,-1,1.1268268,8.54622588,1
fields/00138__plt00046__fab0000_comp00_density.f32__c0014__dt-f32/chunk_0,1000000,2,ans shuffle=byte,primary,1.77078402,-1,1.25189053,5.12116002,1
fields/00138__plt00046__fab0000_comp00_density.f32__c0006__dt-f32/chunk_0,1000000,2,ans shuffle=byte,primary,7.42320013,-1,1.23389609,10.8224361,1
fields/00140__plt00046__fab0000_comp02_logden.f32__c0006__dt-f32/chunk_0,1000000,2,ans shuffle=byte,primary,7.23484802,-1,1.12672448,10.957412,1
fields/00141__plt00047__fab0000_comp00_density.f32__c0006__dt-f32/chunk_0,1000000,2,ans shuffle=byte,primary,3.02390409,-1,1.23323725,6.42495609,1
fields/00139__plt00046__fab0000_comp01_rho_E.f32__c0006__dt-f32/chunk_0,1000000,2,ans shuffle=byte,primary,3.36732793,-1,4.82032988,4.23745593,1
fields/00139__plt00046__fab0000_comp01_rho_E.f32__c0014__dt-f32/chunk_0,1000000,2,ans shuffle=byte,primary,3.32787204,-1,13.8520965,3.63066404,1
fields/00145__plt00048__fab0000_comp01_rho_E.f32__c0006__dt-f32/chunk_0,1000000,2,ans shuffle=byte,primary,4.7516799,-1,4.66882466,5.6500439,1
fields/00141__plt00047__fab0000_comp00_density.f32__c0014__dt-f32/chunk_0,1000000,2,ans shuffle=byte,primary,4.35942411,-1,1.25189053,7.70980011,1
fields/00142__plt00047__fab0000_comp01_rho_E.f32__c0006__dt-f32/chunk_0,1000000,2,ans shuffle=byte,primary,2.4899199,-1,4.74327124,3.3741839,1
fields/00142__plt00047__fab0000_comp01_rho_E.f32__c0014__dt-f32/chunk_0,1000000,2,ans shuffle=byte,primary,2.43747211,-1,13.8520965,2.74026411,1
fields/00146__plt00048__fab0000_comp02_logden.f32__c0006__dt-f32/chunk_0,1000000,2,ans shuffle=byte,primary,3.6201601,-1,1.12641645,7.3437421,1
fields/00143__plt00047__fab0000_comp02_logden.f32__c0006__dt-f32/chunk_0,1000000,2,ans shuffle=byte,primary,2.10694408,-1,1.12657256,5.83001008,1
fields/00143__plt00047__fab0000_comp02_logden.f32__c0014__dt-f32/chunk_0,1000000,2,ans shuffle=byte,primary,3.61644793,-1,1.12957804,7.32960793,1
fields/00144__plt00048__fab0000_comp00_density.f32__c0006__dt-f32/chunk_0,1000000,2,ans shuffle=byte,primary,4.77267218,-1,1.23261968,8.17542818,1
fields/00144__plt00048__fab0000_comp00_density.f32__c0014__dt-f32/chunk_0,1000000,2,ans shuffle=byte,primary,4.69152021,-1,1.25189053,8.04189621,1
fields/00145__plt00048__fab0000_comp01_rho_E.f32__c0014__dt-f32/chunk_0,1000000,2,ans shuffle=byte,primary,2.76086402,-1,13.8520965,3.06365602,1
fields/00147__plt00049__fab0000_comp00_density.f32__c0014__dt-f32/chunk_0,1000000,2,ans shuffle=byte,primary,3.57260799,-1,1.25189053,6.92298399,1
fields/00148__plt00049__fab0000_comp01_rho_E.f32__c0006__dt-f32/chunk_0,1000000,2,ans shuffle=byte,primary,2.94710398,-1,4.59406079,3.86008798,1
fields/00149__plt00049__fab0000_comp02_logden.f32__c0014__dt-f32/chunk_0,1000000,2,ans shuffle=byte,primary,2.20118403,-1,1.12957804,5.91434403,1
fields/00146__plt00048__fab0000_comp02_logden.f32__c0014__dt-f32/chunk_0,1000000,2,ans shuffle=byte,primary,2.65542412,-1,1.12957804,6.36858412,1
fields/00150__plt00050__fab0000_comp00_density.f32__c0006__dt-f32/chunk_0,1000000,2,ans shuffle=byte,primary,1.16636801,-1,1.23152089,4.57216001,1
fields/00147__plt00049__fab0000_comp00_density.f32__c0006__dt-f32/chunk_0,1000000,2,ans shuffle=byte,primary,3.2212801,-1,1.23210696,6.6254521,1
fields/00151__plt00050__fab0000_comp01_rho_E.f32__c0014__dt-f32/chunk_0,1000000,2,ans shuffle=byte,primary,1.85168004,-1,13.8520965,2.15447204,1
fields/00148__plt00049__fab0000_comp01_rho_E.f32__c0014__dt-f32/chunk_0,1000000,2,ans shuffle=byte,primary,3.33712006,-1,13.8520965,3.63991206,1
fields/00149__plt00049__fab0000_comp02_logden.f32__c0006__dt-f32/chunk_0,1000000,2,ans shuffle=byte,primary,3.27724791,-1,1.12633659,7.00109391,1
fields/00150__plt00050__fab0000_comp00_density.f32__c0014__dt-f32/chunk_0,1000000,2,ans shuffle=byte,primary,1.06214404,-1,1.25189053,4.41252004,1
fields/00151__plt00050__fab0000_comp01_rho_E.f32__c0006__dt-f32/chunk_0,1000000,2,ans shuffle=byte,primary,0.669215977,-1,4.52288236,1.59656798,1
fields/00153__plt00051__fab0000_comp00_density.f32__c0006__dt-f32/chunk_0,1000000,2,ans shuffle=byte,primary,3.17055988,-1,1.2310351,6.57769588,1
fields/00157__plt00052__fab0000_comp01_rho_E.f32__c0006__dt-f32/chunk_0,1000000,2,ans shuffle=byte,primary,2.28313589,-1,4.39746697,3.23693589,1
fields/00156__plt00052__fab0000_comp00_density.f32__c0006__dt-f32/chunk_0,1000000,2,ans shuffle=byte,primary,2.68431997,-1,1.2304746,6.09300797,1
fields/00153__plt00051__fab0000_comp00_density.f32__c0014__dt-f32/chunk_0,1000000,2,ans shuffle=byte,primary,0.658079982,-1,1.25189053,4.00845598,1
fields/00154__plt00051__fab0000_comp01_rho_E.f32__c0006__dt-f32/chunk_0,1000000,2,ans shuffle=byte,primary,1.017344,-1,4.45881898,1.95802,1
fields/00154__plt00051__fab0000_comp01_rho_E.f32__c0014__dt-f32/chunk_0,1000000,2,ans shuffle=byte,primary,0.633952022,-1,13.8520965,0.936744022,1
fields/00152__plt00050__fab0000_comp02_logden.f32__c0014__dt-f32/chunk_0,1000000,2,ans shuffle=byte,primary,4.95881605,-1,1.12957804,8.67197605,1
fields/00152__plt00050__fab0000_comp02_logden.f32__c0006__dt-f32/chunk_0,1000000,2,ans shuffle=byte,primary,4.57040024,-1,1.12620775,8.29467224,1
fields/00155__plt00051__fab0000_comp02_logden.f32__c0006__dt-f32/chunk_0,1000000,2,ans shuffle=byte,primary,2.36972809,-1,1.12602937,6.09459009,1
fields/00161__plt00053__fab0000_comp02_logden.f32__c0006__dt-f32/chunk_0,1000000,2,ans shuffle=byte,primary,2.77030396,-1,1.12567699,6.49633196,1
fields/00158__plt00052__fab0000_comp02_logden.f32__c0006__dt-f32/chunk_0,1000000,2,ans shuffle=byte,primary,3.23740792,-1,1.12583532,6.96291192,1
fields/00157__plt00052__fab0000_comp01_rho_E.f32__c0014__dt-f32/chunk_0,1000000,2,ans shuffle=byte,primary,4.23046398,-1,13.8520965,4.53325598,1
fields/00155__plt00051__fab0000_comp02_logden.f32__c0014__dt-f32/chunk_0,1000000,2,ans shuffle=byte,primary,4.52153587,-1,1.12957804,8.23469587,1
fields/00159__plt00053__fab0000_comp00_density.f32__c0006__dt-f32/chunk_0,1000000,2,ans shuffle=byte,primary,2.18073606,-1,1.22996078,5.59084806,1
fields/00156__plt00052__fab0000_comp00_density.f32__c0014__dt-f32/chunk_0,1000000,2,ans shuffle=byte,primary,4.98655987,-1,1.25189053,8.33693587,1
fields/00162__plt00054__fab0000_comp00_density.f32__c0014__dt-f32/chunk_0,1000000,2,ans shuffle=byte,primary,2.23142409,-1,1.25189053,5.58180009,1
fields/00158__plt00052__fab0000_comp02_logden.f32__c0014__dt-f32/chunk_0,1000000,2,ans shuffle=byte,primary,1.65849602,-1,1.12957804,5.37165602,1
fields/00159__plt00053__fab0000_comp00_density.f32__c0014__dt-f32/chunk_0,1000000,2,ans shuffle=byte,primary,3.76604795,-1,1.25189053,7.11642395,1
fields/00160__plt00053__fab0000_comp01_rho_E.f32__c0006__dt-f32/chunk_0,1000000,2,ans shuffle=byte,primary,4.74700785,-1,4.33876761,5.71371185,1
fields/00160__plt00053__fab0000_comp01_rho_E.f32__c0014__dt-f32/chunk_0,1000000,2,ans shuffle=byte,primary,4.57823992,-1,13.8520965,4.88103192,1
fields/00161__plt00053__fab0000_comp02_logden.f32__c0014__dt-f32/chunk_0,1000000,2,ans shuffle=byte,primary,4.96652794,-1,1.12957804,8.67968794,1
fields/00162__plt00054__fab0000_comp00_density.f32__c0006__dt-f32/chunk_0,1000000,2,ans shuffle=byte,primary,3.46736002,-1,1.22932631,6.87923202,1
fields/00163__plt00054__fab0000_comp01_rho_E.f32__c0014__dt-f32/chunk_0,1000000,2,ans shuffle=byte,primary,4.61999989,-1,13.8520965,4.92279189,1
fields/00167__plt00055__fab0000_comp02_logden.f32__c0014__dt-f32/chunk_0,1000000,2,ans shuffle=byte,primary,4.84860802,-1,1.12957804,8.56176802,1
fields/00165__plt00055__fab0000_comp00_density.f32__c0014__dt-f32/chunk_0,1000000,2,ans shuffle=byte,primary,3.27103996,-1,1.25189053,6.62141596,1
fields/00164__plt00054__fab0000_comp02_logden.f32__c0006__dt-f32/chunk_0,1000000,2,ans shuffle=byte,primary,4.25439978,-1,1.12555677,7.98082578,1
fields/00164__plt00054__fab0000_comp02_logden.f32__c0014__dt-f32/chunk_0,1000000,2,ans shuffle=byte,primary,4.53872013,-1,1.12957804,8.25188013,1
fields/00163__plt00054__fab0000_comp01_rho_E.f32__c0006__dt-f32/chunk_0,1000000,2,ans shuffle=byte,primary,2.24783993,-1,4.2880055,3.22598793,1
fields/00168__plt00056__fab0000_comp00_density.f32__c0006__dt-f32/chunk_0,1000000,2,ans shuffle=byte,primary,4.58867216,-1,1.22800611,8.00421216,1
fields/00166__plt00055__fab0000_comp01_rho_E.f32__c0014__dt-f32/chunk_0,1000000,2,ans shuffle=byte,primary,9.24051189,-1,13.8520965,9.54330389,1
fields/00168__plt00056__fab0000_comp00_density.f32__c0014__dt-f32/chunk_0,1000000,2,ans shuffle=byte,primary,4.51379204,-1,1.25189053,7.86416804,1
fields/00169__plt00056__fab0000_comp01_rho_E.f32__c0014__dt-f32/chunk_0,1000000,2,ans shuffle=byte,primary,3.34566402,-1,13.8520965,3.64845602,1
fields/00169__plt00056__fab0000_comp01_rho_E.f32__c0006__dt-f32/chunk_0,1000000,2,ans shuffle=byte,primary,4.83139181,-1,4.18322682,5.83403981,1
fields/00170__plt00056__fab0000_comp02_logden.f32__c0006__dt-f32/chunk_0,1000000,2,ans shuffle=byte,primary,4.61705589,-1,1.12522341,8.34458589,1
fields/00165__plt00055__fab0000_comp00_density.f32__c0006__dt-f32/chunk_0,1000000,2,ans shuffle=byte,primary,2.22979212,-1,1.22857444,5.64375212,1
fields/00166__plt00055__fab0000_comp01_rho_E.f32__c0006__dt-f32/chunk_0,1000000,2,ans shuffle=byte,primary,3.18636799,-1,4.23752677,4.17616799,1
fields/00167__plt00055__fab0000_comp02_logden.f32__c0006__dt-f32/chunk_0,1000000,2,ans shuffle=byte,primary,4.78688002,-1,1.12540154,8.51382002,1
fields/00171__plt00057__fab0000_comp00_density.f32__c0014__dt-f32/chunk_0,1000000,2,ans shuffle=byte,primary,3.28691196,-1,1.25189053,6.63728796,1
fields/00174__plt00058__fab0000_comp00_density.f32__c0014__dt-f32/chunk_0,1000000,2,ans shuffle=byte,primary,4.36467218,-1,1.25189053,7.71504818,1
fields/00175__plt00058__fab0000_comp01_rho_E.f32__c0014__dt-f32/chunk_0,1000000,2,ans shuffle=byte,primary,5.21014404,-1,13.8520965,5.51293604,1
fields/00170__plt00056__fab0000_comp02_logden.f32__c0014__dt-f32/chunk_0,1000000,2,ans shuffle=byte,primary,4.5668478,-1,1.12957804,8.2800078,1
fields/00171__plt00057__fab0000_comp00_density.f32__c0006__dt-f32/chunk_0,1000000,2,ans shuffle=byte,primary,4.09721613,-1,1.22751303,7.51412813,1
fields/00173__plt00057__fab0000_comp02_logden.f32__c0006__dt-f32/chunk_0,1000000,2,ans shuffle=byte,primary,2.52291203,-1,1.12506525,6.25096603,1
fields/00174__plt00058__fab0000_comp00_density.f32__c0006__dt-f32/chunk_0,1000000,2,ans shuffle=byte,primary,4.64921618,-1,1.22696578,8.06765218,1
fields/00172__plt00057__fab0000_comp01_rho_E.f32__c0006__dt-f32/chunk_0,1000000,2,ans shuffle=byte,primary,2.97180796,-1,4.1311633,3.98709196,1
fields/00172__plt00057__fab0000_comp01_rho_E.f32__c0014__dt-f32/chunk_0,1000000,2,ans shuffle=byte,primary,4.87027216,-1,13.8520965,5.17306416,1
fields/00176__plt00058__fab0000_comp02_logden.f32__c0014__dt-f32/chunk_0,1000000,2,ans shuffle=byte,primary,1.84438396,-1,1.12957804,5.55754396,1
fields/00175__plt00058__fab0000_comp01_rho_E.f32__c0006__dt-f32/chunk_0,1000000,2,ans shuffle=byte,primary,5.07158422,-1,4.08063386,6.09944022,1
fields/00178__plt00059__fab0000_comp01_rho_E.f32__c0006__dt-f32/chunk_0,1000000,2,ans shuffle=byte,primary,2.74931192,-1,4.03098463,3.78982792,1
fields/00173__plt00057__fab0000_comp02_logden.f32__c0014__dt-f32/chunk_0,1000000,2,ans shuffle=byte,primary,3.54201603,-1,1.12957804,7.25517603,1
fields/00176__plt00058__fab0000_comp02_logden.f32__c0006__dt-f32/chunk_0,1000000,2,ans shuffle=byte,primary,4.45535994,-1,1.12492041,8.18389394,1
fields/00177__plt00059__fab0000_comp00_density.f32__c0006__dt-f32/chunk_0,1000000,2,ans shuffle=byte,primary,3.7104001,-1,1.2264391,7.1303041,1
fields/00178__plt00059__fab0000_comp01_rho_E.f32__c0014__dt-f32/chunk_0,1000000,2,ans shuffle=byte,primary,2.37417603,-1,13.8520965,2.67696803,1
fields/00179__plt00059__fab0000_comp02_logden.f32__c0014__dt-f32/chunk_0,1000000,2,ans shuffle=byte,primary,4.865376,-1,1.12957804,8.578536,1
fields/00177__plt00059__fab0000_comp00_density.f32__c0014__dt-f32/chunk_0,1000000,2,ans shuffle=byte,primary,1.93670404,-1,1.25189053,5.28708004,1
fields/00179__plt00059__fab0000_comp02_logden.f32__c0006__dt-f32/chunk_0,1000000,2,ans shuffle=byte,primary,5.2515521,-1,1.12475148,8.9806461,1
fields/00181__plt00060__fab0000_comp01_rho_E.f32__c0014__dt-f32/chunk_0,1000000,2,ans shuffle=byte,primary,2.3512001,-1,13.8520965,2.6539921,1
fields/00180__plt00060__fab0000_comp00_density.f32__c0014__dt-f32/chunk_0,1000000,2,ans shuffle=byte,primary,2.38262391,-1,1.25189053,5.73299991,1
fields/00181__plt00060__fab0000_comp01_rho_E.f32__c0006__dt-f32/chunk_0,1000000,2,ans shuffle=byte,primary,2.86217594,-1,3.9839665,3.91497194,1
fields/00183__plt00061__fab0000_comp00_density.f32__c0006__dt-f32/chunk_0,1000000,2,ans shuffle=byte,primary,4.07500792,-1,1.22510793,7.49862792,1
fields/00180__plt00060__fab0000_comp00_density.f32__c0006__dt-f32/chunk_0,1000000,2,ans shuffle=byte,primary,3.31814408,-1,1.22598885,6.73930408,1
fields/00182__plt00060__fab0000_comp02_logden.f32__c0006__dt-f32/chunk_0,1000000,2,ans shuffle=byte,primary,4.74191999,-1,1.12460552,8.47149799,1
fields/00184__plt00061__fab0000_comp01_rho_E.f32__c0006__dt-f32/chunk_0,1000000,2,ans shuffle=byte,primary,1.72659194,-1,3.93828403,2.79159994,1
fields/00186__plt00062__fab0000_comp00_density.f32__c0006__dt-f32/chunk_0,1000000,2,ans shuffle=byte,primary,4.54556799,-1,1.22452421,7.97081999,1
fields/00186__plt00062__fab0000_comp00_density.f32__c0014__dt-f32/chunk_0,1000000,2,ans shuffle=byte,primary,2.6036799,-1,1.25189053,5.9540559,1
fields/00185__plt00061__fab0000_comp02_logden.f32__c0006__dt-f32/chunk_0,1000000,2,ans shuffle=byte,primary,1.72265601,-1,1.12451205,5.45254401,1
fields/00188__plt00062__fab0000_comp02_logden.f32__c0006__dt-f32/chunk_0,1000000,2,ans shuffle=byte,primary,1.39478397,-1,1.12434324,5.12523197,1
fields/00184__plt00061__fab0000_comp01_rho_E.f32__c0014__dt-f32/chunk_0,1000000,2,ans shuffle=byte,primary,2.50607991,-1,13.8520965,2.80887191,1
fields/00185__plt00061__fab0000_comp02_logden.f32__c0014__dt-f32/chunk_0,1000000,2,ans shuffle=byte,primary,5.11100817,-1,1.12957804,8.82416817,1
fields/00182__plt00060__fab0000_comp02_logden.f32__c0014__dt-f32/chunk_0,1000000,2,ans shuffle=byte,primary,4.23087978,-1,1.12957804,7.94403978,1
fields/00183__plt00061__fab0000_comp00_density.f32__c0014__dt-f32/chunk_0,1000000,2,ans shuffle=byte,primary,2.84534407,-1,1.25189053,6.19572007,1
fields/00187__plt00062__fab0000_comp01_rho_E.f32__c0014__dt-f32/chunk_0,1000000,2,ans shuffle=byte,primary,3.40479994,-1,13.8520965,3.70759194,1
fields/00187__plt00062__fab0000_comp01_rho_E.f32__c0006__dt-f32/chunk_0,1000000,2,ans shuffle=byte,primary,2.59788799,-1,3.88996843,3.67612399,1
fields/00190__plt00063__fab0000_comp01_rho_E.f32__c0014__dt-f32/chunk_0,1000000,2,ans shuffle=byte,primary,5.01324797,-1,13.8520965,5.31603997,1
fields/00192__plt00064__fab0000_comp00_density.f32__c0006__dt-f32/chunk_0,1000000,2,ans shuffle=byte,primary,3.6220479,-1,1.22339413,7.0504639,1
fields/00193__plt00064__fab0000_comp01_rho_E.f32__c0006__dt-f32/chunk_0,1000000,2,ans shuffle=byte,primary,4.74812794,-1,3.78885143,5.85513994,1
fields/00188__plt00062__fab0000_comp02_logden.f32__c0014__dt-f32/chunk_0,1000000,2,ans shuffle=byte,primary,2.50563192,-1,1.12957804,6.21879192,1
fields/00189__plt00063__fab0000_comp00_density.f32__c0006__dt-f32/chunk_0,1000000,2,ans shuffle=byte,primary,4.08604813,-1,1.22403106,7.51268013,1
fields/00194__plt00064__fab0000_comp02_logden.f32__c0006__dt-f32/chunk_0,1000000,2,ans shuffle=byte,primary,2.73257589,-1,1.12407446,6.46391589,1
fields/00189__plt00063__fab0000_comp00_density.f32__c0014__dt-f32/chunk_0,1000000,2,ans shuffle=byte,primary,4.82313585,-1,1.25189053,8.17351185,1
fields/00193__plt00064__fab0000_comp01_rho_E.f32__c0014__dt-f32/chunk_0,1000000,2,ans shuffle=byte,primary,4.61619186,-1,13.8520965,4.91898386,1
fields/00190__plt00063__fab0000_comp01_rho_E.f32__c0006__dt-f32/chunk_0,1000000,2,ans shuffle=byte,primary,2.80092812,-1,3.83861769,3.89358812,1
fields/00191__plt00063__fab0000_comp02_logden.f32__c0006__dt-f32/chunk_0,1000000,2,ans shuffle=byte,primary,4.47369623,-1,1.12414677,8.20479623,1
fields/00191__plt00063__fab0000_comp02_logden.f32__c0014__dt-f32/chunk_0,1000000,2,ans shuffle=byte,primary,1.80316806,-1,1.12957804,5.51632806,1
fields/00192__plt00064__fab0000_comp00_density.f32__c0014__dt-f32/chunk_0,1000000,2,ans shuffle=byte,primary,3.05503988,-1,1.25189053,6.40541588,1
fields/00195__plt00065__fab0000_comp00_density.f32__c0014__dt-f32/chunk_0,1000000,2,ans shuffle=byte,primary,4.73686409,-1,1.25189053,8.08724009,1
fields/00197__plt00065__fab0000_comp02_logden.f32__c0006__dt-f32/chunk_0,1000000,2,ans shuffle=byte,primary,4.86684799,-1,1.12400096,8.59843199,1
fields/00198__plt00066__fab0000_comp00_density.f32__c0006__dt-f32/chunk_0,1000000,2,ans shuffle=byte,primary,4.70099211,-1,1.22231457,8.13243611,1
fields/00194__plt00064__fab0000_comp02_logden.f32__c0014__dt-f32/chunk_0,1000000,2,ans shuffle=byte,primary,4.41577578,-1,1.12957804,8.12893578,1
fields/00195__plt00065__fab0000_comp00_density.f32__c0006__dt-f32/chunk_0,1000000,2,ans shuffle=byte,primary,2.482656,-1,1.22289476,5.912472,1
fields/00196__plt00065__fab0000_comp01_rho_E.f32__c0006__dt-f32/chunk_0,1000000,2,ans shuffle=byte,primary,4.08307219,-1,3.74041243,5.20442019,1
fields/00196__plt00065__fab0000_comp01_rho_E.f32__c0014__dt-f32/chunk_0,1000000,2,ans shuffle=byte,primary,4.0574398,-1,13.8520965,4.3602318,1
fields/00198__plt00066__fab0000_comp00_density.f32__c0014__dt-f32/chunk_0,1000000,2,ans shuffle=byte,primary,5.03929615,-1,1.25189053,8.38967215,1
fields/00197__plt00065__fab0000_comp02_logden.f32__c0014__dt-f32/chunk_0,1000000,2,ans shuffle=byte,primary,4.80220795,-1,1.12957804,8.51536795,1
fields/00200__plt00066__fab0000_comp02_logden.f32__c0006__dt-f32/chunk_0,1000000,2,ans shuffle=byte,primary,2.12713599,-1,1.12388772,5.85909599,1
fields/00199__plt00066__fab0000_comp01_rho_E.f32__c0014__dt-f32/chunk_0,1000000,2,ans shuffle=byte,primary,0.742175996,-1,13.8520965,1.044968,1
fields/00199__plt00066__fab0000_comp01_rho_E.f32__c0006__dt-f32/chunk_0,1000000,2,ans shuffle=byte,primary,1.43091202,-1,3.6979764,2.56512802,1
fields/00200__plt00066__fab0000_comp02_logden.f32__c0014__dt-f32/chunk_0,1000000,2,ans shuffle=byte,primary,3.94127989,-1,1.12957804,7.65443989,1
fields/00201__plt00067__fab0000_comp00_density.f32__c0006__dt-f32/chunk_0,1000000,2,ans shuffle=byte,primary,0.749023974,-1,1.22182177,4.18185197,1
fields/00203__plt00067__fab0000_comp02_logden.f32__c0014__dt-f32/chunk_0,1000000,2,ans shuffle=byte,primary,3.55609608,-1,1.12957804,7.26925608,1
fields/00201__plt00067__fab0000_comp00_density.f32__c0014__dt-f32/chunk_0,1000000,2,ans shuffle=byte,primary,2.7378881,-1,1.25189053,6.0882641,1
fields/00202__plt00067__fab0000_comp01_rho_E.f32__c0006__dt-f32/chunk_0,1000000,2,ans shuffle=byte,primary,3.64422393,-1,3.65690053,4.79117993,1
fields/00202__plt00067__fab0000_comp01_rho_E.f32__c0014__dt-f32/chunk_0,1000000,2,ans shuffle=byte,primary,2.96019197,-1,13.8520965,3.26298397,1
fields/00206__plt00068__fab0000_comp02_logden.f32__c0006__dt-f32/chunk_0,1000000,2,ans shuffle=byte,primary,1.80803204,-1,1.12359327,5.54097004,1
fields/00208__plt00069__fab0000_comp01_rho_E.f32__c0006__dt-f32/chunk_0,1000000,2,ans shuffle=byte,primary,2.66972804,-1,3.54532514,3.85278004,1
fields/00203__plt00067__fab0000_comp02_logden.f32__c0006__dt-f32/chunk_0,1000000,2,ans shuffle=byte,primary,4.89472008,-1,1.12377811,8.62704408,1
fields/00205__plt00068__fab0000_comp01_rho_E.f32__c0014__dt-f32/chunk_0,1000000,2,ans shuffle=byte,primary,2.37372804,-1,13.8520965,2.67652004,1
fields/00205__plt00068__fab0000_comp01_rho_E.f32__c0006__dt-f32/chunk_0,1000000,2,ans shuffle=byte,primary,4.30300808,-1,3.61295124,5.46391608,1
fields/00204__plt00068__fab0000_comp00_density.f32__c0014__dt-f32/chunk_0,1000000,2,ans shuffle=byte,primary,3.20854402,-1,1.25189053,6.55892002,1
fields/00204__plt00068__fab0000_comp00_density.f32__c0006__dt-f32/chunk_0,1000000,2,ans shuffle=byte,primary,2.69228792,-1,1.22092124,6.12764792,1
fields/00206__plt00068__fab0000_comp02_logden.f32__c0014__dt-f32/chunk_0,1000000,2,ans shuffle=byte,primary,5.08006382,-1,1.12957804,8.79322382,1
fields/00207__plt00069__fab0000_comp00_density.f32__c0006__dt-f32/chunk_0,1000000,2,ans shuffle=byte,primary,3.78531194,-1,1.2204523,7.22199194,1
fields/00210__plt00070__fab0000_comp00_density.f32__c0014__dt-f32/chunk_0,1000000,2,ans shuffle=byte,primary,1.78278399,-1,1.25189053,5.13315999,1
fields/00211__plt00070__fab0000_comp01_rho_E.f32__c0014__dt-f32/chunk_0,1000000,2,ans shuffle=byte,primary,1.90934396,-1,13.8520965,2.21213596,1
fields/00211__plt00070__fab0000_comp01_rho_E.f32__c0006__dt-f32/chunk_0,1000000,2,ans shuffle=byte,primary,2.09731197,-1,3.48238013,3.30174797,1
fields/00208__plt00069__fab0000_comp01_rho_E.f32__c0014__dt-f32/chunk_0,1000000,2,ans shuffle=byte,primary,2.68896008,-1,13.8520965,2.99175208,1
fields/00209__plt00069__fab0000_comp02_logden.f32__c0006__dt-f32/chunk_0,1000000,2,ans shuffle=byte,primary,4.68934393,-1,1.12346867,8.42269593,1
fields/00207__plt00069__fab0000_comp00_density.f32__c0014__dt-f32/chunk_0,1000000,2,ans shuffle=byte,primary,3.54822397,-1,1.25189053,6.89859997,1
fields/00210__plt00070__fab0000_comp00_density.f32__c0006__dt-f32/chunk_0,1000000,2,ans shuffle=byte,primary,1.72518396,-1,1.21983043,5.16361596,1
fields/00214__plt00071__fab0000_comp01_rho_E.f32__c0014__dt-f32/chunk_0,1000000,2,ans shuffle=byte,primary,2.9096961,-1,13.8520965,3.2124881,1
fields/00215__plt00071__fab0000_comp02_logden.f32__c0006__dt-f32/chunk_0,1000000,2,ans shuffle=byte,primary,2.98476791,-1,1.12322738,6.71892191,1
fields/00209__plt00069__fab0000_comp02_logden.f32__c0014__dt-f32/chunk_0,1000000,2,ans shuffle=byte,primary,1.50800002,-1,1.12957804,5.22116002,1
fields/00212__plt00070__fab0000_comp02_logden.f32__c0014__dt-f32/chunk_0,1000000,2,ans shuffle=byte,primary,5.72540808,-1,1.12957804,9.43856808,1
fields/00212__plt00070__fab0000_comp02_logden.f32__c0006__dt-f32/chunk_0,1000000,2,ans shuffle=byte,primary,1.149472,-1,1.1233086,4.883356,1
fields/00213__plt00071__fab0000_comp00_density.f32__c0014__dt-f32/chunk_0,1000000,2,ans shuffle=byte,primary,4.44195223,-1,1.25189053,7.79232823,1
fields/00213__plt00071__fab0000_comp00_density.f32__c0006__dt-f32/chunk_0,1000000,2,ans shuffle=byte,primary,5.58950377,-1,1.21933964,9.02931977,1
fields/00214__plt00071__fab0000_comp01_rho_E.f32__c0006__dt-f32/chunk_0,1000000,2,ans shuffle=byte,primary,3.37641597,-1,3.43627539,4.59701197,1
fields/00215__plt00071__fab0000_comp02_logden.f32__c0014__dt-f32/chunk_0,1000000,2,ans shuffle=byte,primary,4.56710386,-1,1.12957804,8.28026386,1
fields/00216__plt00072__fab0000_comp00_density.f32__c0014__dt-f32/chunk_0,1000000,2,ans shuffle=byte,primary,3.28505611,-1,1.25189053,6.63543211,1
fields/00218__plt00072__fab0000_comp02_logden.f32__c0014__dt-f32/chunk_0,1000000,2,ans shuffle=byte,primary,2.17846394,-1,1.12957804,5.89162394,1
fields/00220__plt00073__fab0000_comp01_rho_E.f32__c0014__dt-f32/chunk_0,1000000,2,ans shuffle=byte,primary,4.56400013,-1,13.8520965,4.86679213,1
fields/00216__plt00072__fab0000_comp00_density.f32__c0006__dt-f32/chunk_0,1000000,2,ans shuffle=byte,primary,1.62854397,-1,1.21875716,5.07000397,1
fields/00221__plt00073__fab0000_comp02_logden.f32__c0006__dt-f32/chunk_0,1000000,2,ans shuffle=byte,primary,1.70511997,-1,1.12295071,5.44019397,1
fields/00219__plt00073__fab0000_comp00_density.f32__c0014__dt-f32/chunk_0,1000000,2,ans shuffle=byte,primary,4.32000017,-1,1.25189053,7.67037617,1
fields/00218__plt00072__fab0000_comp02_logden.f32__c0006__dt-f32/chunk_0,1000000,2,ans shuffle=byte,primary,4.85523176,-1,1.12312511,8.58972576,1
fields/00217__plt00072__fab0000_comp01_rho_E.f32__c0006__dt-f32/chunk_0,1000000,2,ans shuffle=byte,primary,2.47523189,-1,3.39099164,3.71212789,1
fields/00221__plt00073__fab0000_comp02_logden.f32__c0014__dt-f32/chunk_0,1000000,2,ans shuffle=byte,primary,4.21145582,-1,1.12957804,7.92461582,1
fields/00217__plt00072__fab0000_comp01_rho_E.f32__c0014__dt-f32/chunk_0,1000000,2,ans shuffle=byte,primary,3.7834239,-1,13.8520965,4.0862159,1
fields/00219__plt00073__fab0000_comp00_density.f32__c0006__dt-f32/chunk_0,1000000,2,ans shuffle=byte,primary,1.28908801,-1,1.21825448,4.73196801,1
fields/00223__plt00074__fab0000_comp01_rho_E.f32__c0006__dt-f32/chunk_0,1000000,2,ans shuffle=byte,primary,3.56473589,-1,3.3162111,4.82952389,1
fields/00220__plt00073__fab0000_comp01_rho_E.f32__c0006__dt-f32/chunk_0,1000000,2,ans shuffle=byte,primary,3.18720007,-1,3.35268595,4.43822807,1
fields/00222__plt00074__fab0000_comp00_density.f32__c0014__dt-f32/chunk_0,1000000,2,ans shuffle=byte,primary,3.59996796,-1,1.25189053,6.95034396,1
fields/00223__plt00074__fab0000_comp01_rho_E.f32__c0014__dt-f32/chunk_0,1000000,2,ans shuffle=byte,primary,3.80371189,-1,13.8520965,4.10650389,1
fields/00222__plt00074__fab0000_comp00_density.f32__c0006__dt-f32/chunk_0,1000000,2,ans shuffle=byte,primary,3.5144639,-1,1.21754861,6.9593399,1
fields/00224__plt00074__fab0000_comp02_logden.f32__c0006__dt-f32/chunk_0,1000000,2,ans shuffle=byte,primary,4.79721594,-1,1.12281483,8.53274194,1
fields/00226__plt00075__fab0000_comp01_rho_E.f32__c0014__dt-f32/chunk_0,1000000,2,ans shuffle=byte,primary,1.92108798,-1,13.8520965,2.22387998,1
fields/00224__plt00074__fab0000_comp02_logden.f32__c0014__dt-f32/chunk_0,1000000,2,ans shuffle=byte,primary,4.66822386,-1,1.12957804,8.38138386,1
fields/00225__plt00075__fab0000_comp00_density.f32__c0006__dt-f32/chunk_0,1000000,2,ans shuffle=byte,primary,4.31081581,-1,1.21699468,7.75725981,1
fields/00227__plt00075__fab0000_comp02_logden.f32__c0006__dt-f32/chunk_0,1000000,2,ans shuffle=byte,primary,2.6242559,-1,1.12272106,6.3600939,1
fields/00228__plt00076__fab0000_comp00_density.f32__c0006__dt-f32/chunk_0,1000000,2,ans shuffle=byte,primary,3.78758407,-1,1.2165612,7.23525607,1
fields/00225__plt00075__fab0000_comp00_density.f32__c0014__dt-f32/chunk_0,1000000,2,ans shuffle=byte,primary,3.04931211,-1,1.25189053,6.39968811,1
fields/00226__plt00075__fab0000_comp01_rho_E.f32__c0006__dt-f32/chunk_0,1000000,2,ans shuffle=byte,primary,2.21219206,-1,3.28166096,3.49029606,1
fields/00227__plt00075__fab0000_comp02_logden.f32__c0014__dt-f32/chunk_0,1000000,2,ans shuffle=byte,primary,2.0310719,-1,1.12957804,5.7442319,1
fields/00228__plt00076__fab0000_comp00_density.f32__c0014__dt-f32/chunk_0,1000000,2,ans shuffle=byte,primary,3.7064321,-1,1.25189053,7.0568081,1
fields/00231__plt00077__fab0000_comp00_density.f32__c0006__dt-f32/chunk_0,1000000,2,ans shuffle=byte,primary,4.90441608,-1,1.21597996,8.35373608,1
fields/00234__plt00078__fab0000_comp00_density.f32__c0006__dt-f32/chunk_0,1000000,2,ans shuffle=byte,primary,4.28345585,-1,1.21557399,7.73392785,1
fields/00230__plt00076__fab0000_comp02_logden.f32__c0014__dt-f32/chunk_0,1000000,2,ans shuffle=byte,primary,5.56153584,-1,1.12957804,9.27469584,1
fields/00232__plt00077__fab0000_comp01_rho_E.f32__c0006__dt-f32/chunk_0,1000000,2,ans shuffle=byte,primary,3.67795205,-1,3.21262776,4.98352005,1
fields/00230__plt00076__fab0000_comp02_logden.f32__c0006__dt-f32/chunk_0,1000000,2,ans shuffle=byte,primary,2.6180799,-1,1.12257082,6.3544179,1
fields/00229__plt00076__fab0000_comp01_rho_E.f32__c0006__dt-f32/chunk_0,1000000,2,ans shuffle=byte,primary,2.63807988,-1,3.24698859,3.92983188,1
fields/00231__plt00077__fab0000_comp00_density.f32__c0014__dt-f32/chunk_0,1000000,2,ans shuffle=byte,primary,2.20739198,-1,1.25189053,5.55776798,1
fields/00232__plt00077__fab0000_comp01_rho_E.f32__c0014__dt-f32/chunk_0,1000000,2,ans shuffle=byte,primary,3.07344007,-1,13.8520965,3.37623207,1
fields/00229__plt00076__fab0000_comp01_rho_E.f32__c0014__dt-f32/chunk_0,1000000,2,ans shuffle=byte,primary,2.25299191,-1,13.8520965,2.55578391,1
fields/00235__plt00078__fab0000_comp01_rho_E.f32__c0006__dt-f32/chunk_0,1000000,2,ans shuffle=byte,primary,2.38419199,-1,3.1778497,3.70404799,1
fields/00233__plt00077__fab0000_comp02_logden.f32__c0014__dt-f32/chunk_0,1000000,2,ans shuffle=byte,primary,2.00774407,-1,1.12957804,5.72090407,1
fields/00233__plt00077__fab0000_comp02_logden.f32__c0006__dt-f32/chunk_0,1000000,2,ans shuffle=byte,primary,3.00668812,-1,1.12236895,6.74369812,1
fields/00235__plt00078__fab0000_comp01_rho_E.f32__c0014__dt-f32/chunk_0,1000000,2,ans shuffle=byte,primary,2.13436794,-1,13.8520965,2.43715994,1
fields/00236__plt00078__fab0000_comp02_logden.f32__c0014__dt-f32/chunk_0,1000000,2,ans shuffle=byte,primary,3.25110412,-1,1.12957804,6.96426412,1
fields/00234__plt00078__fab0000_comp00_density.f32__c0014__dt-f32/chunk_0,1000000,2,ans shuffle=byte,primary,3.92825603,-1,1.25189053,7.27863203,1
fields/00236__plt00078__fab0000_comp02_logden.f32__c0006__dt-f32/chunk_0,1000000,2,ans shuffle=byte,primary,2.15715194,-1,1.12227946,5.89445994,1
fields/00237__plt00079__fab0000_comp00_density.f32__c0006__dt-f32/chunk_0,1000000,2,ans shuffle=byte,primary,2.77715206,-1,1.21503592,6.22915206,1
fields/00237__plt00079__fab0000_comp00_density.f32__c0014__dt-f32/chunk_0,1000000,2,ans shuffle=byte,primary,3.34377599,-1,1.25189053,6.69415199,1
fields/00238__plt00079__fab0000_comp01_rho_E.f32__c0006__dt-f32/chunk_0,1000000,2,ans shuffle=byte,primary,5.341856,-1,3.13929872,6.67792,1
fields/00238__plt00079__fab0000_comp01_rho_E.f32__c0014__dt-f32/chunk_0,1000000,2,ans shuffle=byte,primary,4.68358421,-1,13.8520965,4.98637621,1
fields/00240__plt00080__fab0000_comp00_density.f32__c0014__dt-f32/chunk_0,1000000,2,ans shuffle=byte,primary,1.84368002,-1,1.25189053,5.19405602,1
fields/00239__plt00079__fab0000_comp02_logden.f32__c0006__dt-f32/chunk_0,1000000,2,ans shuffle=byte,primary,4.74748802,-1,1.12212453,8.48531202,1
fields/00239__plt00079__fab0000_comp02_logden.f32__c0014__dt-f32/chunk_0,1000000,2,ans shuffle=byte,primary,3.32364798,-1,1.12957804,7.03680798,1
fields/00245__plt00081__fab0000_comp02_logden.f32__c0006__dt-f32/chunk_0,1000000,2,ans shuffle=byte,primary,3.37462401,-1,1.1218226,7.11345401,1
fields/00240__plt00080__fab0000_comp00_density.f32__c0006__dt-f32/chunk_0,1000000,2,ans shuffle=byte,primary,3.89414406,-1,1.21422691,7.34844406,1
fields/00241__plt00080__fab0000_comp01_rho_E.f32__c0006__dt-f32/chunk_0,1000000,2,ans shuffle=byte,primary,1.67340803,-1,3.10408668,3.02462803,1
fields/00241__plt00080__fab0000_comp01_rho_E.f32__c0014__dt-f32/chunk_0,1000000,2,ans shuffle=byte,primary,3.41033602,-1,13.8520965,3.71312802,1
fields/00242__plt00080__fab0000_comp02_logden.f32__c0006__dt-f32/chunk_0,1000000,2,ans shuffle=byte,primary,3.63888001,-1,1.12196064,7.37725001,1
fields/00242__plt00080__fab0000_comp02_logden.f32__c0014__dt-f32/chunk_0,1000000,2,ans shuffle=byte,primary,4.57324791,-1,1.12957804,8.28640791,1
fields/00243__plt00081__fab0000_comp00_density.f32__c0006__dt-f32/chunk_0,1000000,2,ans shuffle=byte,primary,4.80671978,-1,1.21377714,8.26229978,1
fields/00247__plt00082__fab0000_comp01_rho_E.f32__c0014__dt-f32/chunk_0,1000000,2,ans shuffle=byte,primary,4.39279985,-1,13.8520965,4.69559185,1
fields/00246__plt00082__fab0000_comp00_density.f32__c0014__dt-f32/chunk_0,1000000,2,ans shuffle=byte,primary,3.77644801,-1,1.25189053,7.12682401,1
fields/00245__plt00081__fab0000_comp02_logden.f32__c0014__dt-f32/chunk_0,1000000,2,ans shuffle=byte,primary,2.91814399,-1,1.12957804,6.63130399,1
fields/00243__plt00081__fab0000_comp00_density.f32__c0014__dt-f32/chunk_0,1000000,2,ans shuffle=byte,primary,2.68716788,-1,1.25189053,6.03754388,1
fields/00246__plt00082__fab0000_comp00_density.f32__c0006__dt-f32/chunk_0,1000000,2,ans shuffle=byte,primary,2.52246404,-1,1.21332489,5.97933204,1
fields/00249__plt00083__fab0000_comp00_density.f32__c0006__dt-f32/chunk_0,1000000,2,ans shuffle=byte,primary,3.43535995,-1,1.21276918,6.89381195,1
fields/00244__plt00081__fab0000_comp01_rho_E.f32__c0006__dt-f32/chunk_0,1000000,2,ans shuffle=byte,primary,4.48998404,-1,3.0708874,5.85581204,1
fields/00244__plt00081__fab0000_comp01_rho_E.f32__c0014__dt-f32/chunk_0,1000000,2,ans shuffle=byte,primary,5.05110407,-1,13.8520965,5.35389607,1
fields/00247__plt00082__fab0000_comp01_rho_E.f32__c0006__dt-f32/chunk_0,1000000,2,ans shuffle=byte,primary,3.46195197,-1,3.04072566,4.84132797,1
fields/00248__plt00082__fab0000_comp02_logden.f32__c0014__dt-f32/chunk_0,1000000,2,ans shuffle=byte,primary,4.61798382,-1,1.12957804,8.33114382,1
fields/00248__plt00082__fab0000_comp02_logden.f32__c0006__dt-f32/chunk_0,1000000,2,ans shuffle=byte,primary,3.88819194,-1,1.1217038,7.62741794,1
fields/00249__plt00083__fab0000_comp00_density.f32__c0014__dt-f32/chunk_0,1000000,2,ans shuffle=byte,primary,1.91859198,-1,1.25189053,5.26896798,1
fields/00251__plt00083__fab0000_comp02_logden.f32__c0014__dt-f32/chunk_0,1000000,2,ans shuffle=byte,primary,2.07315207,-1,1.12957804,5.78631207,1
fields/00252__plt00084__fab0000_comp00_density.f32__c0006__dt-f32/chunk_0,1000000,2,ans shuffle=byte,primary,2.84166408,-1,1.21233871,6.30134408,1
fields/00250__plt00083__fab0000_comp01_rho_E.f32__c0006__dt-f32/chunk_0,1000000,2,ans shuffle=byte,primary,4.10304022,-1,3.00953452,5.49671222,1
fields/00253__plt00084__fab0000_comp01_rho_E.f32__c0006__dt-f32/chunk_0,1000000,2,ans shuffle=byte,primary,2.32476807,-1,2.98005201,3.73222807,1
fields/00250__plt00083__fab0000_comp01_rho_E.f32__c0014__dt-f32/chunk_0,1000000,2,ans shuffle=byte,primary,1.48150396,-1,13.8520965,1.78429596,1
fields/00251__plt00083__fab0000_comp02_logden.f32__c0006__dt-f32/chunk_0,1000000,2,ans shuffle=byte,primary,2.81216002,-1,1.12157182,6.55182602,1
fields/00252__plt00084__fab0000_comp00_density.f32__c0014__dt-f32/chunk_0,1000000,2,ans shuffle=byte,primary,5.52108812,-1,1.25189053,8.87146412,1
fields/00253__plt00084__fab0000_comp01_rho_E.f32__c0014__dt-f32/chunk_0,1000000,2,ans shuffle=byte,primary,4.36035204,-1,13.8520965,4.66314404,1
fields/00254__plt00084__fab0000_comp02_logden.f32__c0006__dt-f32/chunk_0,1000000,2,ans shuffle=byte,primary,4.56761599,-1,1.12152144,8.30744999,1
fields/00255__plt00085__fab0000_comp00_density.f32__c0006__dt-f32/chunk_0,1000000,2,ans shuffle=byte,primary,3.27510405,-1,1.21193516,6.73593605,1
fields/00254__plt00084__fab0000_comp02_logden.f32__c0014__dt-f32/chunk_0,1000000,2,ans shuffle=byte,primary,2.63625598,-1,1.12957804,6.34941598,1
fields/00255__plt00085__fab0000_comp00_density.f32__c0014__dt-f32/chunk_0,1000000,2,ans shuffle=byte,primary,3.38511992,-1,1.25189053,6.73549592,1
fields/00256__plt00085__fab0000_comp01_rho_E.f32__c0014__dt-f32/chunk_0,1000000,2,ans shuffle=byte,primary,5.61276817,-1,13.8520965,5.91556017,1
fields/00257__plt00085__fab0000_comp02_logden.f32__c0014__dt-f32/chunk_0,1000000,2,ans shuffle=byte,primary,3.68649602,-1,1.12957804,7.39965602,1
fields/00257__plt00085__fab0000_comp02_logden.f32__c0006__dt-f32/chunk_0,1000000,2,ans shuffle=byte,primary,4.94294405,-1,1.12138471,8.68323405,1
fields/00258__plt00086__fab0000_comp00_density.f32__c0006__dt-f32/chunk_0,1000000,2,ans shuffle=byte,primary,2.18118405,-1,1.21141431,5.64350405,1
fields/00258__plt00086__fab0000_comp00_density.f32__c0014__dt-f32/chunk_0,1000000,2,ans shuffle=byte,primary,2.74172807,-1,1.25189053,6.09210407,1
fields/00259__plt00086__fab0000_comp01_rho_E.f32__c0006__dt-f32/chunk_0,1000000,2,ans shuffle=byte,primary,4.14473581,-1,2.92075129,5.58077181,1
fields/00256__plt00085__fab0000_comp01_rho_E.f32__c0006__dt-f32/chunk_0,1000000,2,ans shuffle=byte,primary,5.18150377,-1,2.95099204,6.60282377,1
fields/00259__plt00086__fab0000_comp01_rho_E.f32__c0014__dt-f32/chunk_0,1000000,2,ans shuffle=byte,primary,4.88092804,-1,13.8520965,5.18372004,1
fields/00260__plt00086__fab0000_comp02_logden.f32__c0006__dt-f32/chunk_0,1000000,2,ans shuffle=byte,primary,4.5238719,-1,1.12129117,8.2644739,1
fields/00262__plt00087__fab0000_comp01_rho_E.f32__c0006__dt-f32/chunk_0,1000000,2,ans shuffle=byte,primary,3.97660804,-1,2.89269527,5.42657204,1
fields/00260__plt00086__fab0000_comp02_logden.f32__c0014__dt-f32/chunk_0,1000000,2,ans shuffle=byte,primary,4.16883183,-1,1.12957804,7.88199183,1
fields/00263__plt00087__fab0000_comp02_logden.f32__c0006__dt-f32/chunk_0,1000000,2,ans shuffle=byte,primary,2.25571203,-1,1.12118567,5.99666603,1
fields/00266__plt00088__fab0000_comp02_logden.f32__c0006__dt-f32/chunk_0,1000000,2,ans shuffle=byte,primary,3.68969607,-1,1.1211557,7.43075007,1
fields/00261__plt00087__fab0000_comp00_density.f32__c0006__dt-f32/chunk_0,1000000,2,ans shuffle=byte,primary,3.34483194,-1,1.21065484,6.80932394,1
fields/00261__plt00087__fab0000_comp00_density.f32__c0014__dt-f32/chunk_0,1000000,2,ans shuffle=byte,primary,4.75852823,-1,1.25189053,8.10890423,1
fields/00262__plt00087__fab0000_comp01_rho_E.f32__c0014__dt-f32/chunk_0,1000000,2,ans shuffle=byte,primary,2.82742405,-1,13.8520965,3.13021605,1
fields/00263__plt00087__fab0000_comp02_logden.f32__c0014__dt-f32/chunk_0,1000000,2,ans shuffle=byte,primary,4.2311039,-1,1.12957804,7.9442639,1
fields/00264__plt00088__fab0000_comp00_density.f32__c0006__dt-f32/chunk_0,1000000,2,ans shuffle=byte,primary,4.05248022,-1,1.21022587,7.51820022,1
fields/00265__plt00088__fab0000_comp01_rho_E.f32__c0006__dt-f32/chunk_0,1000000,2,ans shuffle=byte,primary,4.26639986,-1,2.86750019,5.72910386,1
fields/00267__plt00089__fab0000_comp00_density.f32__c0006__dt-f32/chunk_0,1000000,2,ans shuffle=byte,primary,4.56883192,-1,1.20941627,8.03687192,1
fields/00265__plt00088__fab0000_comp01_rho_E.f32__c0014__dt-f32/chunk_0,1000000,2,ans shuffle=byte,primary,4.46070385,-1,13.8520965,4.76349585,1
fields/00267__plt00089__fab0000_comp00_density.f32__c0014__dt-f32/chunk_0,1000000,2,ans shuffle=byte,primary,4.32486391,-1,1.25189053,7.67523991,1
fields/00266__plt00088__fab0000_comp02_logden.f32__c0014__dt-f32/chunk_0,1000000,2,ans shuffle=byte,primary,2.97756791,-1,1.12957804,6.69072791,1
fields/00268__plt00089__fab0000_comp01_rho_E.f32__c0006__dt-f32/chunk_0,1000000,2,ans shuffle=byte,primary,4.6974721,-1,2.84185421,6.1733761,1
fields/00268__plt00089__fab0000_comp01_rho_E.f32__c0014__dt-f32/chunk_0,1000000,2,ans shuffle=byte,primary,4.38227177,-1,13.8520965,4.68506377,1
fields/00264__plt00088__fab0000_comp00_density.f32__c0014__dt-f32/chunk_0,1000000,2,ans shuffle=byte,primary,4.09254408,-1,1.25189053,7.44292008,1
fields/00269__plt00089__fab0000_comp02_logden.f32__c0006__dt-f32/chunk_0,1000000,2,ans shuffle=byte,primary,4.92876816,-1,1.12107598,8.67008816,1
fields/00271__plt00090__fab0000_comp01_rho_E.f32__c0006__dt-f32/chunk_0,1000000,2,ans shuffle=byte,primary,4.0350399,-1,2.81728346,5.5238159,1
fields/00274__plt00091__fab0000_comp01_rho_E.f32__c0006__dt-f32/chunk_0,1000000,2,ans shuffle=byte,primary,3.67235208,-1,2.79295539,5.17409608,1
fields/00269__plt00089__fab0000_comp02_logden.f32__c0014__dt-f32/chunk_0,1000000,2,ans shuffle=byte,primary,3.46844792,-1,1.12957804,7.18160792,1
fields/00270__plt00090__fab0000_comp00_density.f32__c0006__dt-f32/chunk_0,1000000,2,ans shuffle=byte,primary,1.85910404,-1,1.20864537,5.32935604,1
fields/00270__plt00090__fab0000_comp00_density.f32__c0014__dt-f32/chunk_0,1000000,2,ans shuffle=byte,primary,1.09395194,-1,1.25189053,4.44432794,1
fields/00271__plt00090__fab0000_comp01_rho_E.f32__c0014__dt-f32/chunk_0,1000000,2,ans shuffle=byte,primary,4.39849615,-1,13.8520965,4.70128815,1
fields/00272__plt00090__fab0000_comp02_logden.f32__c0006__dt-f32/chunk_0,1000000,2,ans shuffle=byte,primary,3.65510392,-1,1.12104003,7.39654392,1
fields/00272__plt00090__fab0000_comp02_logden.f32__c0014__dt-f32/chunk_0,1000000,2,ans shuffle=byte,primary,3.67158389,-1,1.12957804,7.38474389,1
fields/00273__plt00091__fab0000_comp00_density.f32__c0006__dt-f32/chunk_0,1000000,2,ans shuffle=byte,primary,4.05731201,-1,1.20784623,7.52986001,1
fields/00273__plt00091__fab0000_comp00_density.f32__c0014__dt-f32/chunk_0,1000000,2,ans shuffle=byte,primary,3.36876798,-1,1.25189053,6.71914398,1
fields/00274__plt00091__fab0000_comp01_rho_E.f32__c0014__dt-f32/chunk_0,1000000,2,ans shuffle=byte,primary,2.36476803,-1,13.8520965,2.66756003,1
fields/00275__plt00091__fab0000_comp02_logden.f32__c0006__dt-f32/chunk_0,1000000,2,ans shuffle=byte,primary,3.54272008,-1,1.12096812,7.28440008,1
fields/00275__plt00091__fab0000_comp02_logden.f32__c0014__dt-f32/chunk_0,1000000,2,ans shuffle=byte,primary,3.87033606,-1,1.12957804,7.58349606,1
fields/00278__plt00092__fab0000_comp02_logden.f32__c0006__dt-f32/chunk_0,1000000,2,ans shuffle=byte,primary,3.41123199,-1,1.12083153,7.15336799,1
fields/00277__plt00092__fab0000_comp01_rho_E.f32__c0014__dt-f32/chunk_0,1000000,2,ans shuffle=byte,primary,4.09430408,-1,13.8520965,4.39709608,1
fields/00278__plt00092__fab0000_comp02_logden.f32__c0014__dt-f32/chunk_0,1000000,2,ans shuffle=byte,primary,4.62816,-1,1.12957804,8.34132,1
fields/00276__plt00092__fab0000_comp00_density.f32__c0014__dt-f32/chunk_0,1000000,2,ans shuffle=byte,primary,2.99804807,-1,1.25189053,6.34842407,1
fields/00277__plt00092__fab0000_comp01_rho_E.f32__c0006__dt-f32/chunk_0,1000000,2,ans shuffle=byte,primary,3.82687998,-1,2.7688684,5.34168798,1
fields/00276__plt00092__fab0000_comp00_density.f32__c0006__dt-f32/chunk_0,1000000,2,ans shuffle=byte,primary,3.2263999,-1,1.20709956,6.7010959,1
fields/00280__plt00093__fab0000_comp01_rho_E.f32__c0014__dt-f32/chunk_0,1000000,2,ans shuffle=byte,primary,4.22745609,-1,13.8520965,4.53024809,1
fields/00279__plt00093__fab0000_comp00_density.f32__c0006__dt-f32/chunk_0,1000000,2,ans shuffle=byte,primary,3.31494403,-1,1.20637601,6.79172403,1
fields/00282__plt00094__fab0000_comp00_density.f32__c0006__dt-f32/chunk_0,1000000,2,ans shuffle=byte,primary,3.77670407,-1,1.20569216,7.25545607,1
fields/00280__plt00093__fab0000_comp01_rho_E.f32__c0006__dt-f32/chunk_0,1000000,2,ans shuffle=byte,primary,3.66796803,-1,2.74533706,5.19576003,1
fields/00279__plt00093__fab0000_comp00_density.f32__c0014__dt-f32/chunk_0,1000000,2,ans shuffle=byte,primary,4.55558395,-1,1.25189053,7.90595995,1
fields/00285__plt00095__fab0000_comp00_density.f32__c0006__dt-f32/chunk_0,1000000,2,ans shuffle=byte,primary,3.64284801,-1,1.20495091,7.12374001,1
fields/00281__plt00093__fab0000_comp02_logden.f32__c0006__dt-f32/chunk_0,1000000,2,ans shuffle=byte,primary,3.79772806,-1,1.12073569,7.54018406,1
fields/00283__plt00094__fab0000_comp01_rho_E.f32__c0014__dt-f32/chunk_0,1000000,2,ans shuffle=byte,primary,3.49737597,-1,13.8520965,3.80016797,1
fields/00281__plt00093__fab0000_comp02_logden.f32__c0014__dt-f32/chunk_0,1000000,2,ans shuffle=byte,primary,4.86047983,-1,1.12957804,8.57363983,1
fields/00283__plt00094__fab0000_comp01_rho_E.f32__c0006__dt-f32/chunk_0,1000000,2,ans shuffle=byte,primary,0.693599999,-1,2.72170065,2.23466,1
fields/00282__plt00094__fab0000_comp00_density.f32__c0014__dt-f32/chunk_0,1000000,2,ans shuffle=byte,primary,1.08803201,-1,1.25189053,4.43840801,1
fields/00286__plt00095__fab0000_comp01_rho_E.f32__c0014__dt-f32/chunk_0,1000000,2,ans shuffle=byte,primary,3.31427193,-1,13.8520965,3.61706393,1
fields/00284__plt00094__fab0000_comp02_logden.f32__c0006__dt-f32/chunk_0,1000000,2,ans shuffle=byte,primary,3.22876811,-1,1.12066382,6.97146411,1
fields/00284__plt00094__fab0000_comp02_logden.f32__c0014__dt-f32/chunk_0,1000000,2,ans shuffle=byte,primary,4.69372797,-1,1.12957804,8.40688797,1
fields/00285__plt00095__fab0000_comp00_density.f32__c0014__dt-f32/chunk_0,1000000,2,ans shuffle=byte,primary,4.67779207,-1,1.25189053,8.02816807,1
fields/00289__plt00096__fab0000_comp01_rho_E.f32__c0014__dt-f32/chunk_0,1000000,2,ans shuffle=byte,primary,2.90979195,-1,13.8520965,3.21258395,1
fields/00291__plt00097__fab0000_comp00_density.f32__c0006__dt-f32/chunk_0,1000000,2,ans shuffle=byte,primary,3.43849611,-1,1.20348498,6.92362811,1
fields/00288__plt00096__fab0000_comp00_density.f32__c0014__dt-f32/chunk_0,1000000,2,ans shuffle=byte,primary,4.57923222,-1,1.25189053,7.92960822,1
fields/00287__plt00095__fab0000_comp02_logden.f32__c0006__dt-f32/chunk_0,1000000,2,ans shuffle=byte,primary,4.35849619,-1,1.12056203,8.10153219,1
fields/00286__plt00095__fab0000_comp01_rho_E.f32__c0006__dt-f32/chunk_0,1000000,2,ans shuffle=byte,primary,3.70668793,-1,2.69921797,5.26058393,1
fields/00288__plt00096__fab0000_comp00_density.f32__c0006__dt-f32/chunk_0,1000000,2,ans shuffle=byte,primary,2.34835196,-1,1.20421888,5.83135996,1
fields/00287__plt00095__fab0000_comp02_logden.f32__c0014__dt-f32/chunk_0,1000000,2,ans shuffle=byte,primary,5.16038418,-1,1.12957804,8.87354418,1
fields/00292__plt00097__fab0000_comp01_rho_E.f32__c0006__dt-f32/chunk_0,1000000,2,ans shuffle=byte,primary,1.083776,-1,2.65398448,2.664156,1
fields/00291__plt00097__fab0000_comp00_density.f32__c0014__dt-f32/chunk_0,1000000,2,ans shuffle=byte,primary,2.66265607,-1,1.25189053,6.01303207,1
fields/00290__plt00096__fab0000_comp02_logden.f32__c0006__dt-f32/chunk_0,1000000,2,ans shuffle=byte,primary,2.51468801,-1,1.1203968,6.25827601,1
fields/00289__plt00096__fab0000_comp01_rho_E.f32__c0006__dt-f32/chunk_0,1000000,2,ans shuffle=byte,primary,3.71910405,-1,2.67617446,5.28638005,1
fields/00292__plt00097__fab0000_comp01_rho_E.f32__c0014__dt-f32/chunk_0,1000000,2,ans shuffle=byte,primary,1.73292804,-1,13.8520965,2.03572004,1
fields/00290__plt00096__fab0000_comp02_logden.f32__c0014__dt-f32/chunk_0,1000000,2,ans shuffle=byte,primary,4.92499208,-1,1.12957804,8.63815208,1
fields/00293__plt00097__fab0000_comp02_logden.f32__c0014__dt-f32/chunk_0,1000000,2,ans shuffle=byte,primary,4.43100786,-1,1.12957804,8.14416786,1
fields/00298__plt00099__fab0000_comp01_rho_E.f32__c0006__dt-f32/chunk_0,1000000,2,ans shuffle=byte,primary,3.3613441,-1,2.60973534,4.9685201,1
fields/00294__plt00098__fab0000_comp00_density.f32__c0014__dt-f32/chunk_0,1000000,2,ans shuffle=byte,primary,4.74937582,-1,1.25189053,8.09975182,1
fields/00294__plt00098__fab0000_comp00_density.f32__c0006__dt-f32/chunk_0,1000000,2,ans shuffle=byte,primary,5.14415979,-1,1.20278507,8.63131979,1
fields/00295__plt00098__fab0000_comp01_rho_E.f32__c0006__dt-f32/chunk_0,1000000,2,ans shuffle=byte,primary,5.0677762,-1,2.63155834,6.6616242,1
fields/00295__plt00098__fab0000_comp01_rho_E.f32__c0014__dt-f32/chunk_0,1000000,2,ans shuffle=byte,primary,2.56403208,-1,13.8520965,2.86682408,1
fields/00293__plt00097__fab0000_comp02_logden.f32__c0006__dt-f32/chunk_0,1000000,2,ans shuffle=byte,primary,1.11318398,-1,1.1202735,4.85718398,1
fields/00299__plt00099__fab0000_comp02_logden.f32__c0006__dt-f32/chunk_0,1000000,2,ans shuffle=byte,primary,1.24831998,-1,1.12000188,4.99322798,1
fields/00297__plt00099__fab0000_comp00_density.f32__c0006__dt-f32/chunk_0,1000000,2,ans shuffle=byte,primary,2.83452797,-1,1.20231065,6.32306397,1
fields/00300__plt00100__fab0000_comp00_density.f32__c0006__dt-f32/chunk_0,1000000,2,ans shuffle=byte,primary,2.2859199,-1,1.20192615,5.7755719,1
fields/00301__plt00100__fab0000_comp01_rho_E.f32__c0006__dt-f32/chunk_0,1000000,2,ans shuffle=byte,primary,1.89616001,-1,2.58432904,3.51913601,1
fields/00298__plt00099__fab0000_comp01_rho_E.f32__c0014__dt-f32/chunk_0,1000000,2,ans shuffle=byte,primary,1.25497603,-1,13.8520965,1.55776803,1
fields/00296__plt00098__fab0000_comp02_logden.f32__c0006__dt-f32/chunk_0,1000000,2,ans shuffle=byte,primary,3.72361588,-1,1.12015263,7.46801988,1
fields/00297__plt00099__fab0000_comp00_density.f32__c0014__dt-f32/chunk_0,1000000,2,ans shuffle=byte,primary,2.81033611,-1,1.25189053,6.16071211,1
fields/00296__plt00098__fab0000_comp02_logden.f32__c0014__dt-f32/chunk_0,1000000,2,ans shuffle=byte,primary,2.8426559,-1,1.12957804,6.5558159,1
fields/00300__plt00100__fab0000_comp00_density.f32__c0014__dt-f32/chunk_0,1000000,2,ans shuffle=byte,primary,1.90201604,-1,1.25189053,5.25239204,1
fields/00302__plt00100__fab0000_comp02_logden.f32__c0014__dt-f32/chunk_0,1000000,2,ans shuffle=byte,primary,7.62188816,-1,1.12957804,11.3350482,1
fields/00304__plt00101__fab0000_comp01_rho_E.f32__c0006__dt-f32/chunk_0,1000000,2,ans shuffle=byte,primary,4.14659214,-1,2.5582824,5.78609214,1
fields/00304__plt00101__fab0000_comp01_rho_E.f32__c0014__dt-f32/chunk_0,1000000,2,ans shuffle=byte,primary,3.94095993,-1,13.8520965,4.24375193,1
fields/00299__plt00099__fab0000_comp02_logden.f32__c0014__dt-f32/chunk_0,1000000,2,ans shuffle=byte,primary,2.79401588,-1,1.12957804,6.50717588,1
fields/00301__plt00100__fab0000_comp01_rho_E.f32__c0014__dt-f32/chunk_0,1000000,2,ans shuffle=byte,primary,2.52662396,-1,13.8520965,2.82941596,1
fields/00303__plt00101__fab0000_comp00_density.f32__c0014__dt-f32/chunk_0,1000000,2,ans shuffle=byte,primary,3.92230392,-1,1.25189053,7.27267992,1
fields/00302__plt00100__fab0000_comp02_logden.f32__c0006__dt-f32/chunk_0,1000000,2,ans shuffle=byte,primary,4.70780802,-1,1.11982964,8.45329202,1
fields/00303__plt00101__fab0000_comp00_density.f32__c0006__dt-f32/chunk_0,1000000,2,ans shuffle=byte,primary,3.22595191,-1,1.20148407,6.71688791,1
fields/00305__plt00101__fab0000_comp02_logden.f32__c0006__dt-f32/chunk_0,1000000,2,ans shuffle=byte,primary,4.15113592,-1,1.11965984,7.89718792,1
fields/00308__plt00102__fab0000_comp02_logden.f32__c0014__dt-f32/chunk_0,1000000,2,ans shuffle=byte,primary,3.94736004,-1,1.12957804,7.66052004,1
fields/00305__plt00101__fab0000_comp02_logden.f32__c0014__dt-f32/chunk_0,1000000,2,ans shuffle=byte,primary,4.88515186,-1,1.12957804,8.59831186,1
fields/00306__plt00102__fab0000_comp00_density.f32__c0006__dt-f32/chunk_0,1000000,2,ans shuffle=byte,primary,4.01052809,-1,1.20112349,7.50251209,1
fields/00307__plt00102__fab0000_comp01_rho_E.f32__c0006__dt-f32/chunk_0,1000000,2,ans shuffle=byte,primary,4.09471989,-1,2.53156318,5.75152389,1
fields/00308__plt00102__fab0000_comp02_logden.f32__c0006__dt-f32/chunk_0,1000000,2,ans shuffle=byte,primary,2.25619197,-1,1.11940465,6.00309797,1
fields/00309__plt00103__fab0000_comp00_density.f32__c0014__dt-f32/chunk_0,1000000,2,ans shuffle=byte,primary,3.10041595,-1,1.25189053,6.45079195,1
fields/00310__plt00103__fab0000_comp01_rho_E.f32__c0006__dt-f32/chunk_0,1000000,2,ans shuffle=byte,primary,3.53497601,-1,2.50821299,5.20720401,1
fields/00306__plt00102__fab0000_comp00_density.f32__c0014__dt-f32/chunk_0,1000000,2,ans shuffle=byte,primary,3.45968008,-1,1.25189053,6.81005608,1
fields/00307__plt00102__fab0000_comp01_rho_E.f32__c0014__dt-f32/chunk_0,1000000,2,ans shuffle=byte,primary,2.00857592,-1,13.8520965,2.31136792,1
fields/00310__plt00103__fab0000_comp01_rho_E.f32__c0014__dt-f32/chunk_0,1000000,2,ans shuffle=byte,primary,3.12969589,-1,13.8520965,3.43248789,1
fields/00309__plt00103__fab0000_comp00_density.f32__c0006__dt-f32/chunk_0,1000000,2,ans shuffle=byte,primary,2.14508796,-1,1.200638,5.63848396,1
fields/00311__plt00103__fab0000_comp02_logden.f32__c0014__dt-f32/chunk_0,1000000,2,ans shuffle=byte,primary,3.55299211,-1,1.12957804,7.26615211,1
fields/00314__plt00104__fab0000_comp02_logden.f32__c0006__dt-f32/chunk_0,1000000,2,ans shuffle=byte,primary,4.3887682,-1,1.1192756,8.1361062,1
fields/00313__plt00104__fab0000_comp01_rho_E.f32__c0014__dt-f32/chunk_0,1000000,2,ans shuffle=byte,primary,2.85305595,-1,13.8520965,3.15584795,1
fields/00316__plt00105__fab0000_comp01_rho_E.f32__c0006__dt-f32/chunk_0,1000000,2,ans shuffle=byte,primary,1.72892797,-1,2.46418785,3.43103197,1
fields/00312__plt00104__fab0000_comp00_density.f32__c0006__dt-f32/chunk_0,1000000,2,ans shuffle=byte,primary,3.50668812,-1,1.20012956,7.00156412,1
fields/00317__plt00105__fab0000_comp02_logden.f32__c0006__dt-f32/chunk_0,1000000,2,ans shuffle=byte,primary,4.08646393,-1,1.11917824,7.83412793,1
fields/00311__plt00103__fab0000_comp02_logden.f32__c0006__dt-f32/chunk_0,1000000,2,ans shuffle=byte,primary,4.58611202,-1,1.11930786,8.33334202,1
fields/00312__plt00104__fab0000_comp00_density.f32__c0014__dt-f32/chunk_0,1000000,2,ans shuffle=byte,primary,4.91670418,-1,1.25189053,8.26708018,1
fields/00315__plt00105__fab0000_comp00_density.f32__c0014__dt-f32/chunk_0,1000000,2,ans shuffle=byte,primary,4.08147192,-1,1.25189053,7.43184792,1
fields/00314__plt00104__fab0000_comp02_logden.f32__c0014__dt-f32/chunk_0,1000000,2,ans shuffle=byte,primary,4.88863993,-1,1.12957804,8.60179993,1
fields/00313__plt00104__fab0000_comp01_rho_E.f32__c0006__dt-f32/chunk_0,1000000,2,ans shuffle=byte,primary,5.16876793,-1,2.48709343,6.85519593,1
fields/00315__plt00105__fab0000_comp00_density.f32__c0006__dt-f32/chunk_0,1000000,2,ans shuffle=byte,primary,4.28815985,-1,1.19966272,7.78439585,1
fields/00316__plt00105__fab0000_comp01_rho_E.f32__c0014__dt-f32/chunk_0,1000000,2,ans shuffle=byte,primary,4.60771179,-1,13.8520965,4.91050379,1
fields/00317__plt00105__fab0000_comp02_logden.f32__c0014__dt-f32/chunk_0,1000000,2,ans shuffle=byte,primary,0.830655992,-1,1.12957804,4.54381599,1
fields/00319__plt00106__fab0000_comp01_rho_E.f32__c0014__dt-f32/chunk_0,1000000,2,ans shuffle=byte,primary,1.88927996,-1,13.8520965,2.19207196,1
fields/00322__plt00107__fab0000_comp01_rho_E.f32__c0006__dt-f32/chunk_0,1000000,2,ans shuffle=byte,primary,3.70662403,-1,2.42112798,5.43900003,1
fields/00321__plt00107__fab0000_comp00_density.f32__c0006__dt-f32/chunk_0,1000000,2,ans shuffle=byte,primary,4.09609604,-1,1.19870136,7.59513604,1
fields/00318__plt00106__fab0000_comp00_density.f32__c0014__dt-f32/chunk_0,1000000,2,ans shuffle=byte,primary,5.71727991,-1,1.25189053,9.06765591,1
fields/00318__plt00106__fab0000_comp00_density.f32__c0006__dt-f32/chunk_0,1000000,2,ans shuffle=byte,primary,2.57471991,-1,1.1992758,6.07208391,1
fields/00320__plt00106__fab0000_comp02_logden.f32__c0006__dt-f32/chunk_0,1000000,2,ans shuffle=byte,primary,3.69535995,-1,1.1191006,7.44328395,1
fields/00319__plt00106__fab0000_comp01_rho_E.f32__c0006__dt-f32/chunk_0,1000000,2,ans shuffle=byte,primary,0.847487986,-1,2.4423885,2.56478399,1
fields/00321__plt00107__fab0000_comp00_density.f32__c0014__dt-f32/chunk_0,1000000,2,ans shuffle=byte,primary,4.43724823,-1,1.25189053,7.78762423,1
fields/00322__plt00107__fab0000_comp01_rho_E.f32__c0014__dt-f32/chunk_0,1000000,2,ans shuffle=byte,primary,3.24182391,-1,13.8520965,3.54461591,1
fields/00320__plt00106__fab0000_comp02_logden.f32__c0014__dt-f32/chunk_0,1000000,2,ans shuffle=byte,primary,5.36019182,-1,1.12957804,9.07335182,1
fields/00323__plt00107__fab0000_comp02_logden.f32__c0006__dt-f32/chunk_0,1000000,2,ans shuffle=byte,primary,2.67830396,-1,1.11909941,6.42623196,1
fields/00324__plt00108__fab0000_comp00_density.f32__c0014__dt-f32/chunk_0,1000000,2,ans shuffle=byte,primary,4.67587185,-1,1.25189053,8.02624785,1
fields/00323__plt00107__fab0000_comp02_logden.f32__c0014__dt-f32/chunk_0,1000000,2,ans shuffle=byte,primary,2.01574397,-1,1.12957804,5.72890397,1
fields/00324__plt00108__fab0000_comp00_density.f32__c0006__dt-f32/chunk_0,1000000,2,ans shuffle=byte,primary,1.03276801,-1,1.19833149,4.53288801,1
fields/00325__plt00108__fab0000_comp01_rho_E.f32__c0014__dt-f32/chunk_0,1000000,2,ans shuffle=byte,primary,3.53219199,-1,13.8520965,3.83498399,1
fields/00328__plt00109__fab0000_comp01_rho_E.f32__c0014__dt-f32/chunk_0,1000000,2,ans shuffle=byte,primary,1.36409605,-1,13.8520965,1.66688805,1
fields/00326__plt00108__fab0000_comp02_logden.f32__c0014__dt-f32/chunk_0,1000000,2,ans shuffle=byte,primary,3.23254395,-1,1.12957804,6.94570395,1
fields/00327__plt00109__fab0000_comp00_density.f32__c0014__dt-f32/chunk_0,1000000,2,ans shuffle=byte,primary,3.4656961,-1,1.25189053,6.8160721,1
fields/00328__plt00109__fab0000_comp01_rho_E.f32__c0006__dt-f32/chunk_0,1000000,2,ans shuffle=byte,primary,2.32464004,-1,2.38209864,4.08540004,1
fields/00326__plt00108__fab0000_comp02_logden.f32__c0006__dt-f32/chunk_0,1000000,2,ans shuffle=byte,primary,3.91753602,-1,1.11900745,7.66577202,1
fields/00325__plt00108__fab0000_comp01_rho_E.f32__c0006__dt-f32/chunk_0,1000000,2,ans shuffle=byte,primary,2.93292809,-1,2.40123477,4.67965609,1
fields/00329__plt00109__fab0000_comp02_logden.f32__c0014__dt-f32/chunk_0,1000000,2,ans shuffle=byte,primary,2.65238404,-1,1.12957804,6.36554404,1
fields/00330__plt00110__fab0000_comp00_density.f32__c0006__dt-f32/chunk_0,1000000,2,ans shuffle=byte,primary,2.61577606,-1,1.19736678,6.11871606,1
fields/00327__plt00109__fab0000_comp00_density.f32__c0006__dt-f32/chunk_0,1000000,2,ans shuffle=byte,primary,4.0551362,-1,1.19784962,7.5566642,1
fields/00329__plt00109__fab0000_comp02_logden.f32__c0006__dt-f32/chunk_0,1000000,2,ans shuffle=byte,primary,3.26547194,-1,1.11895849,7.01387194,1
fields/00330__plt00110__fab0000_comp00_density.f32__c0014__dt-f32/chunk_0,1000000,2,ans shuffle=byte,primary,1.79414403,-1,1.25189053,5.14452003,1
fields/00332__plt00110__fab0000_comp02_logden.f32__c0014__dt-f32/chunk_0,1000000,2,ans shuffle=byte,primary,2.76825595,-1,1.12957804,6.48141595,1
fields/00331__plt00110__fab0000_comp01_rho_E.f32__c0014__dt-f32/chunk_0,1000000,2,ans shuffle=byte,primary,3.26198411,-1,13.8520965,3.56477611,1
fields/00335__plt00111__fab0000_comp02_logden.f32__c0006__dt-f32/chunk_0,1000000,2,ans shuffle=byte,primary,3.61472011,-1,1.11890894,7.36328611,1
fields/00334__plt00111__fab0000_comp01_rho_E.f32__c0006__dt-f32/chunk_0,1000000,2,ans shuffle=byte,primary,2.55596805,-1,2.34597555,4.34384005,1
fields/00331__plt00110__fab0000_comp01_rho_E.f32__c0006__dt-f32/chunk_0,1000000,2,ans shuffle=byte,primary,2.08895993,-1,2.36337163,3.86367193,1
fields/00333__plt00111__fab0000_comp00_density.f32__c0006__dt-f32/chunk_0,1000000,2,ans shuffle=byte,primary,3.76223993,-1,1.19689799,7.26655193,1
fields/00332__plt00110__fab0000_comp02_logden.f32__c0006__dt-f32/chunk_0,1000000,2,ans shuffle=byte,primary,3.60812807,-1,1.11890894,7.35669407,1
fields/00333__plt00111__fab0000_comp00_density.f32__c0014__dt-f32/chunk_0,1000000,2,ans shuffle=byte,primary,8.14835167,-1,1.25189053,11.4987277,1
fields/00339__plt00113__fab0000_comp00_density.f32__c0014__dt-f32/chunk_0,1000000,2,ans shuffle=byte,primary,3.99142408,-1,1.25189053,7.34180008,1
fields/00334__plt00111__fab0000_comp01_rho_E.f32__c0014__dt-f32/chunk_0,1000000,2,ans shuffle=byte,primary,3.0769279,-1,13.8520965,3.3797199,1
fields/00335__plt00111__fab0000_comp02_logden.f32__c0014__dt-f32/chunk_0,1000000,2,ans shuffle=byte,primary,4.21145582,-1,1.12957804,7.92461582,1
fields/00337__plt00112__fab0000_comp01_rho_E.f32__c0014__dt-f32/chunk_0,1000000,2,ans shuffle=byte,primary,3.5256319,-1,13.8520965,3.8284239,1
fields/00336__plt00112__fab0000_comp00_density.f32__c0014__dt-f32/chunk_0,1000000,2,ans shuffle=byte,primary,3.04236794,-1,1.25189053,6.39274394,1
fields/00337__plt00112__fab0000_comp01_rho_E.f32__c0006__dt-f32/chunk_0,1000000,2,ans shuffle=byte,primary,3.35427189,-1,2.32845101,5.15559989,1
fields/00336__plt00112__fab0000_comp00_density.f32__c0006__dt-f32/chunk_0,1000000,2,ans shuffle=byte,primary,2.7592001,-1,1.19645687,6.2648041,1
fields/00343__plt00114__fab0000_comp01_rho_E.f32__c0006__dt-f32/chunk_0,1000000,2,ans shuffle=byte,primary,2.28927994,-1,2.28997224,4.12087594,1
fields/00338__plt00112__fab0000_comp02_logden.f32__c0006__dt-f32/chunk_0,1000000,2,ans shuffle=byte,primary,2.2137599,-1,1.1188373,5.9625659,1
fields/00340__plt00113__fab0000_comp01_rho_E.f32__c0014__dt-f32/chunk_0,1000000,2,ans shuffle=byte,primary,4.93071985,-1,13.8520965,5.23351185,1
fields/00339__plt00113__fab0000_comp00_density.f32__c0006__dt-f32/chunk_0,1000000,2,ans shuffle=byte,primary,3.48575997,-1,1.19611704,6.99235997,1
fields/00340__plt00113__fab0000_comp01_rho_E.f32__c0006__dt-f32/chunk_0,1000000,2,ans shuffle=byte,primary,2.21456003,-1,2.31072287,4.02970803,1
fields/00342__plt00114__fab0000_comp00_density.f32__c0014__dt-f32/chunk_0,1000000,2,ans shuffle=byte,primary,1.20118403,-1,1.25189053,4.55156003,1
fields/00341__plt00113__fab0000_comp02_logden.f32__c0006__dt-f32/chunk_0,1000000,2,ans shuffle=byte,primary,9.2913599,-1,1.1188194,13.0402259,1
fields/00338__plt00112__fab0000_comp02_logden.f32__c0014__dt-f32/chunk_0,1000000,2,ans shuffle=byte,primary,2.732512,-1,1.12957804,6.445672,1
fields/00341__plt00113__fab0000_comp02_logden.f32__c0014__dt-f32/chunk_0,1000000,2,ans shuffle=byte,primary,7.85567999,-1,1.12957804,11.56884,1
fields/00343__plt00114__fab0000_comp01_rho_E.f32__c0014__dt-f32/chunk_0,1000000,2,ans shuffle=byte,primary,3.09689593,-1,13.8520965,3.39968793,1
fields/00342__plt00114__fab0000_comp00_density.f32__c0006__dt-f32/chunk_0,1000000,2,ans shuffle=byte,primary,2.88979197,-1,1.19564513,6.39777597,1
fields/00344__plt00114__fab0000_comp02_logden.f32__c0006__dt-f32/chunk_0,1000000,2,ans shuffle=byte,primary,4.77356815,-1,1.11877523,8.52258215,1
fields/00344__plt00114__fab0000_comp02_logden.f32__c0014__dt-f32/chunk_0,1000000,2,ans shuffle=byte,primary,4.75436783,-1,1.12957804,8.46752783,1
fields/00347__plt00115__fab0000_comp02_logden.f32__c0006__dt-f32/chunk_0,1000000,2,ans shuffle=byte,primary,3.40268803,-1,1.11873703,7.15183003,1
fields/00345__plt00115__fab0000_comp00_density.f32__c0006__dt-f32/chunk_0,1000000,2,ans shuffle=byte,primary,4.43148804,-1,1.19518995,7.94080804,1
fields/00348__plt00116__fab0000_comp00_density.f32__c0014__dt-f32/chunk_0,1000000,2,ans shuffle=byte,primary,11.5644159,-1,1.25189053,14.9147919,1
fields/00346__plt00115__fab0000_comp01_rho_E.f32__c0014__dt-f32/chunk_0,1000000,2,ans shuffle=byte,primary,2.33321595,-1,13.8520965,2.63600795,1
fields/00345__plt00115__fab0000_comp00_density.f32__c0014__dt-f32/chunk_0,1000000,2,ans shuffle=byte,primary,2.91827202,-1,1.25189053,6.26864802,1
fields/00347__plt00115__fab0000_comp02_logden.f32__c0014__dt-f32/chunk_0,1000000,2,ans shuffle=byte,primary,2.09395194,-1,1.12957804,5.80711194,1
fields/00346__plt00115__fab0000_comp01_rho_E.f32__c0006__dt-f32/chunk_0,1000000,2,ans shuffle=byte,primary,4.5556798,-1,2.27496312,6.3993598,1
fields/00348__plt00116__fab0000_comp00_density.f32__c0006__dt-f32/chunk_0,1000000,2,ans shuffle=byte,primary,3.60796809,-1,1.19458131,7.11907609,1
fields/00350__plt00116__fab0000_comp02_logden.f32__c0006__dt-f32/chunk_0,1000000,2,ans shuffle=byte,primary,4.44377613,-1,1.11878,8.19277413,1
fields/00349__plt00116__fab0000_comp01_rho_E.f32__c0014__dt-f32/chunk_0,1000000,2,ans shuffle=byte,primary,2.97196794,-1,13.8520965,3.27475994,1
fields/00349__plt00116__fab0000_comp01_rho_E.f32__c0006__dt-f32/chunk_0,1000000,2,ans shuffle=byte,primary,5.81225586,-1,2.25930698,7.66871186,1
fields/00355__plt00118__fab0000_comp01_rho_E.f32__c0006__dt-f32/chunk_0,1000000,2,ans shuffle=byte,primary,3.02995205,-1,2.21550424,4.92311205,1
fields/00350__plt00116__fab0000_comp02_logden.f32__c0014__dt-f32/chunk_0,1000000,2,ans shuffle=byte,primary,3.70595193,-1,1.12957804,7.41911193,1
fields/00352__plt00117__fab0000_comp01_rho_E.f32__c0006__dt-f32/chunk_0,1000000,2,ans shuffle=byte,primary,4.22934389,-1,2.23734397,6.10402389,1
fields/00352__plt00117__fab0000_comp01_rho_E.f32__c0014__dt-f32/chunk_0,1000000,2,ans shuffle=byte,primary,4.34348822,-1,13.8520965,4.64628022,1
fields/00353__plt00117__fab0000_comp02_logden.f32__c0014__dt-f32/chunk_0,1000000,2,ans shuffle=byte,primary,2.68095994,-1,1.12957804,6.39411994,1
fields/00351__plt00117__fab0000_comp00_density.f32__c0006__dt-f32/chunk_0,1000000,2,ans shuffle=byte,primary,4.74009609,-1,1.19404399,8.25278409,1
fields/00353__plt00117__fab0000_comp02_logden.f32__c0006__dt-f32/chunk_0,1000000,2,ans shuffle=byte,primary,2.28367996,-1,1.11878478,6.03266196,1
fields/00351__plt00117__fab0000_comp00_density.f32__c0014__dt-f32/chunk_0,1000000,2,ans shuffle=byte,primary,4.42841578,-1,1.25189053,7.77879178,1
fields/00354__plt00118__fab0000_comp00_density.f32__c0014__dt-f32/chunk_0,1000000,2,ans shuffle=byte,primary,2.46883202,-1,1.25189053,5.81920802,1
fields/00354__plt00118__fab0000_comp00_density.f32__c0006__dt-f32/chunk_0,1000000,2,ans shuffle=byte,primary,3.15897608,-1,1.19361312,6.67293208,1
fields/00356__plt00118__fab0000_comp02_logden.f32__c0014__dt-f32/chunk_0,1000000,2,ans shuffle=byte,primary,4.18857622,-1,1.12957804,7.90173622,1
fields/00361__plt00120__fab0000_comp01_rho_E.f32__c0014__dt-f32/chunk_0,1000000,2,ans shuffle=byte,primary,3.59606409,-1,13.8520965,3.89885609,1
fields/00358__plt00119__fab0000_comp01_rho_E.f32__c0014__dt-f32/chunk_0,1000000,2,ans shuffle=byte,primary,3.03884792,-1,13.8520965,3.34163992,1
fields/00355__plt00118__fab0000_comp01_rho_E.f32__c0014__dt-f32/chunk_0,1000000,2,ans shuffle=byte,primary,2.61433601,-1,13.8520965,2.91712801,1
fields/00358__plt00119__fab0000_comp01_rho_E.f32__c0006__dt-f32/chunk_0,1000000,2,ans shuffle=byte,primary,3.91971207,-1,2.19818037,5.82779207,1
fields/00356__plt00118__fab0000_comp02_logden.f32__c0006__dt-f32/chunk_0,1000000,2,ans shuffle=byte,primary,3.50291204,-1,1.11874539,7.25202604,1
fields/00361__plt00120__fab0000_comp01_rho_E.f32__c0006__dt-f32/chunk_0,1000000,2,ans shuffle=byte,primary,4.5538559,-1,2.18132497,6.4766799,1
fields/00357__plt00119__fab0000_comp00_density.f32__c0006__dt-f32/chunk_0,1000000,2,ans shuffle=byte,primary,3.60489607,-1,1.19303188,7.12056407,1
fields/00357__plt00119__fab0000_comp00_density.f32__c0014__dt-f32/chunk_0,1000000,2,ans shuffle=byte,primary,3.25769591,-1,1.25189053,6.60807191,1
fields/00360__plt00120__fab0000_comp00_density.f32__c0014__dt-f32/chunk_0,1000000,2,ans shuffle=byte,primary,4.2155838,-1,1.25189053,7.5659598,1
fields/00359__plt00119__fab0000_comp02_logden.f32__c0006__dt-f32/chunk_0,1000000,2,ans shuffle=byte,primary,3.19369602,-1,1.11878597,6.94267402,1
fields/00359__plt00119__fab0000_comp02_logden.f32__c0014__dt-f32/chunk_0,1000000,2,ans shuffle=byte,primary,2.9440639,-1,1.12957804,6.6572239,1
fields/00360__plt00120__fab0000_comp00_density.f32__c0006__dt-f32/chunk_0,1000000,2,ans shuffle=byte,primary,4.29635191,-1,1.19258275,7.81334391,1
fields/00363__plt00121__fab0000_comp00_density.f32__c0006__dt-f32/chunk_0,1000000,2,ans shuffle=byte,primary,4.27820778,-1,1.19210821,7.79659978,1
fields/00362__plt00120__fab0000_comp02_logden.f32__c0006__dt-f32/chunk_0,1000000,2,ans shuffle=byte,primary,3.20124793,-1,1.11873465,6.95039793,1
fields/00367__plt00122__fab0000_comp01_rho_E.f32__c0006__dt-f32/chunk_0,1000000,2,ans shuffle=byte,primary,4.91977596,-1,2.15188741,6.86890396,1
fields/00366__plt00122__fab0000_comp00_density.f32__c0006__dt-f32/chunk_0,1000000,2,ans shuffle=byte,primary,3.93977594,-1,1.1916327,7.45957194,1
fields/00362__plt00120__fab0000_comp02_logden.f32__c0014__dt-f32/chunk_0,1000000,2,ans shuffle=byte,primary,3.66255999,-1,1.12957804,7.37571999,1
fields/00364__plt00121__fab0000_comp01_rho_E.f32__c0014__dt-f32/chunk_0,1000000,2,ans shuffle=byte,primary,3.15721607,-1,13.8520965,3.46000807,1
fields/00363__plt00121__fab0000_comp00_density.f32__c0014__dt-f32/chunk_0,1000000,2,ans shuffle=byte,primary,4.2194562,-1,1.25189053,7.5698322,1
fields/00364__plt00121__fab0000_comp01_rho_E.f32__c0006__dt-f32/chunk_0,1000000,2,ans shuffle=byte,primary,2.22086406,-1,2.16574996,4.15751606,1
fields/00366__plt00122__fab0000_comp00_density.f32__c0014__dt-f32/chunk_0,1000000,2,ans shuffle=byte,primary,2.13142395,-1,1.25189053,5.48179995,1
fields/00368__plt00122__fab0000_comp02_logden.f32__c0006__dt-f32/chunk_0,1000000,2,ans shuffle=byte,primary,2.92278409,-1,1.11861948,6.67232009,1
fields/00365__plt00121__fab0000_comp02_logden.f32__c0006__dt-f32/chunk_0,1000000,2,ans shuffle=byte,primary,4.94105577,-1,1.11871197,8.69028177,1
fields/00365__plt00121__fab0000_comp02_logden.f32__c0014__dt-f32/chunk_0,1000000,2,ans shuffle=byte,primary,4.68921614,-1,1.12957804,8.40237614,1
fields/00368__plt00122__fab0000_comp02_logden.f32__c0014__dt-f32/chunk_0,1000000,2,ans shuffle=byte,primary,1.53535998,-1,1.12957804,5.24851998,1
fields/00369__plt00123__fab0000_comp00_density.f32__c0006__dt-f32/chunk_0,1000000,2,ans shuffle=byte,primary,3.47443199,-1,1.19099791,6.99610399,1
fields/00373__plt00124__fab0000_comp01_rho_E.f32__c0006__dt-f32/chunk_0,1000000,2,ans shuffle=byte,primary,5.39497614,-1,2.12560104,7.36820814,1
fields/00367__plt00122__fab0000_comp01_rho_E.f32__c0014__dt-f32/chunk_0,1000000,2,ans shuffle=byte,primary,4.62371206,-1,13.8520965,4.92650406,1
fields/00371__plt00123__fab0000_comp02_logden.f32__c0006__dt-f32/chunk_0,1000000,2,ans shuffle=byte,primary,2.28480005,-1,1.11854728,6.03457805,1
fields/00369__plt00123__fab0000_comp00_density.f32__c0014__dt-f32/chunk_0,1000000,2,ans shuffle=byte,primary,3.45366406,-1,1.25189053,6.80404006,1
fields/00370__plt00123__fab0000_comp01_rho_E.f32__c0006__dt-f32/chunk_0,1000000,2,ans shuffle=byte,primary,2.84134412,-1,2.13869835,4.80249212,1
fields/00370__plt00123__fab0000_comp01_rho_E.f32__c0014__dt-f32/chunk_0,1000000,2,ans shuffle=byte,primary,2.61324811,-1,13.8520965,2.91604011,1
fields/00371__plt00123__fab0000_comp02_logden.f32__c0014__dt-f32/chunk_0,1000000,2,ans shuffle=byte,primary,1.11033595,-1,1.12957804,4.82349595,1
fields/00376__plt00125__fab0000_comp01_rho_E.f32__c0014__dt-f32/chunk_0,1000000,2,ans shuffle=byte,primary,5.54527998,-1,13.8520965,5.84807198,1
fields/00372__plt00124__fab0000_comp00_density.f32__c0014__dt-f32/chunk_0,1000000,2,ans shuffle=byte,primary,3.53334403,-1,1.25189053,6.88372003,1
fields/00373__plt00124__fab0000_comp01_rho_E.f32__c0014__dt-f32/chunk_0,1000000,2,ans shuffle=byte,primary,4.59747219,-1,13.8520965,4.90026419,1
fields/00376__plt00125__fab0000_comp01_rho_E.f32__c0006__dt-f32/chunk_0,1000000,2,ans shuffle=byte,primary,2.92220807,-1,2.11160807,4.90851607,1
fields/00372__plt00124__fab0000_comp00_density.f32__c0006__dt-f32/chunk_0,1000000,2,ans shuffle=byte,primary,3.5039041,-1,1.19056519,7.0268561,1
fields/00374__plt00124__fab0000_comp02_logden.f32__c0006__dt-f32/chunk_0,1000000,2,ans shuffle=byte,primary,3.75151992,-1,1.11847331,7.50154592,1
fields/00375__plt00125__fab0000_comp00_density.f32__c0006__dt-f32/chunk_0,1000000,2,ans shuffle=byte,primary,3.20236802,-1,1.19003957,6.72687602,1
fields/00378__plt00126__fab0000_comp00_density.f32__c0014__dt-f32/chunk_0,1000000,2,ans shuffle=byte,primary,4.52089596,-1,1.25189053,7.87127196,1
fields/00377__plt00125__fab0000_comp02_logden.f32__c0006__dt-f32/chunk_0,1000000,2,ans shuffle=byte,primary,1.19452798,-1,1.11851567,4.94441198,1
fields/00374__plt00124__fab0000_comp02_logden.f32__c0014__dt-f32/chunk_0,1000000,2,ans shuffle=byte,primary,4.33504009,-1,1.12957804,8.04820009,1
fields/00375__plt00125__fab0000_comp00_density.f32__c0014__dt-f32/chunk_0,1000000,2,ans shuffle=byte,primary,3.87644792,-1,1.25189053,7.22682392,1
fields/00377__plt00125__fab0000_comp02_logden.f32__c0014__dt-f32/chunk_0,1000000,2,ans shuffle=byte,primary,1.22252798,-1,1.12957804,4.93568798,1
fields/00378__plt00126__fab0000_comp00_density.f32__c0006__dt-f32/chunk_0,1000000,2,ans shuffle=byte,primary,1.97219205,-1,1.18954546,5.49816405,1
fields/00379__plt00126__fab0000_comp01_rho_E.f32__c0006__dt-f32/chunk_0,1000000,2,ans shuffle=byte,primary,3.77942395,-1,2.09900332,5.77765995,1
fields/00384__plt00128__fab0000_comp00_density.f32__c0006__dt-f32/chunk_0,1000000,2,ans shuffle=byte,primary,4.55430412,-1,1.18868647,8.08282412,1
fields/00380__plt00126__fab0000_comp02_logden.f32__c0006__dt-f32/chunk_0,1000000,2,ans shuffle=byte,primary,3.59180808,-1,1.11843872,7.34195008,1
fields/00381__plt00127__fab0000_comp00_density.f32__c0014__dt-f32/chunk_0,1000000,2,ans shuffle=byte,primary,3.56646395,-1,1.25189053,6.91683995,1
fields/00379__plt00126__fab0000_comp01_rho_E.f32__c0014__dt-f32/chunk_0,1000000,2,ans shuffle=byte,primary,3.78175998,-1,13.8520965,4.08455198,1
fields/00380__plt00126__fab0000_comp02_logden.f32__c0014__dt-f32/chunk_0,1000000,2,ans shuffle=byte,primary,4.03718376,-1,1.12957804,7.75034376,1
fields/00382__plt00127__fab0000_comp01_rho_E.f32__c0014__dt-f32/chunk_0,1000000,2,ans shuffle=byte,primary,4.57699203,-1,13.8520965,4.87978403,1
fields/00382__plt00127__fab0000_comp01_rho_E.f32__c0006__dt-f32/chunk_0,1000000,2,ans shuffle=byte,primary,3.26399994,-1,2.0862036,5.27449594,1
fields/00381__plt00127__fab0000_comp00_density.f32__c0006__dt-f32/chunk_0,1000000,2,ans shuffle=byte,primary,3.42361593,-1,1.18915155,6.95075593,1
fields/00383__plt00127__fab0000_comp02_logden.f32__c0006__dt-f32/chunk_0,1000000,2,ans shuffle=byte,primary,5.5725441,-1,1.11841486,9.3227661,1
fields/00384__plt00128__fab0000_comp00_density.f32__c0014__dt-f32/chunk_0,1000000,2,ans shuffle=byte,primary,2.30947208,-1,1.25189053,5.65984808,1
fields/00385__plt00128__fab0000_comp01_rho_E.f32__c0006__dt-f32/chunk_0,1000000,2,ans shuffle=byte,primary,4.51865578,-1,2.07356315,6.54140778,1
fields/00385__plt00128__fab0000_comp01_rho_E.f32__c0014__dt-f32/chunk_0,1000000,2,ans shuffle=byte,primary,3.5425601,-1,13.8520965,3.8453521,1
fields/00383__plt00127__fab0000_comp02_logden.f32__c0014__dt-f32/chunk_0,1000000,2,ans shuffle=byte,primary,4.57756805,-1,1.12957804,8.29072805,1
fields/00386__plt00128__fab0000_comp02_logden.f32__c0014__dt-f32/chunk_0,1000000,2,ans shuffle=byte,primary,2.43971205,-1,1.12957804,6.15287205,1
fields/00386__plt00128__fab0000_comp02_logden.f32__c0006__dt-f32/chunk_0,1000000,2,ans shuffle=byte,primary,2.26947188,-1,1.11840531,6.01972588,1
fields/00387__plt00129__fab0000_comp00_density.f32__c0006__dt-f32/chunk_0,1000000,2,ans shuffle=byte,primary,4.43747187,-1,1.18823253,7.96733987,1
fields/00388__plt00129__fab0000_comp01_rho_E.f32__c0006__dt-f32/chunk_0,1000000,2,ans shuffle=byte,primary,0.450592011,-1,2.06120864,2.48546801,1
fields/00387__plt00129__fab0000_comp00_density.f32__c0014__dt-f32/chunk_0,1000000,2,ans shuffle=byte,primary,0.558304012,-1,1.25189053,3.90868001,1
fields/00393__plt00131__fab0000_comp00_density.f32__c0006__dt-f32/chunk_0,1000000,2,ans shuffle=byte,primary,5.16684818,-1,1.18725713,8.69961618,1
fields/00391__plt00130__fab0000_comp01_rho_E.f32__c0006__dt-f32/chunk_0,1000000,2,ans shuffle=byte,primary,4.26268816,-1,2.04600195,6.31268816,1
fields/00389__plt00129__fab0000_comp02_logden.f32__c0014__dt-f32/chunk_0,1000000,2,ans shuffle=byte,primary,0.230880007,-1,1.12957804,3.94404001,1
fields/00388__plt00129__fab0000_comp01_rho_E.f32__c0014__dt-f32/chunk_0,1000000,2,ans shuffle=byte,primary,1.75254405,-1,13.8520965,2.05533605,1
fields/00389__plt00129__fab0000_comp02_logden.f32__c0006__dt-f32/chunk_0,1000000,2,ans shuffle=byte,primary,0.470432013,-1,1.11836177,4.22083201,1
fields/00393__plt00131__fab0000_comp00_density.f32__c0014__dt-f32/chunk_0,1000000,2,ans shuffle=byte,primary,2.71116805,-1,1.25189053,6.06154405,1
fields/00392__plt00130__fab0000_comp02_logden.f32__c0014__dt-f32/chunk_0,1000000,2,ans shuffle=byte,primary,5.01478386,-1,1.12957804,8.72794386,1
fields/00390__plt00130__fab0000_comp00_density.f32__c0014__dt-f32/chunk_0,1000000,2,ans shuffle=byte,primary,1.99318397,-1,1.25189053,5.34355997,1
fields/00394__plt00131__fab0000_comp01_rho_E.f32__c0014__dt-f32/chunk_0,1000000,2,ans shuffle=byte,primary,4.23187208,-1,13.8520965,4.53466408,1
fields/00392__plt00130__fab0000_comp02_logden.f32__c0006__dt-f32/chunk_0,1000000,2,ans shuffle=byte,primary,5.02041578,-1,1.1183582,8.77082778,1
fields/00394__plt00131__fab0000_comp01_rho_E.f32__c0006__dt-f32/chunk_0,1000000,2,ans shuffle=byte,primary,4.91443205,-1,2.02926497,6.98134005,1
fields/00395__plt00131__fab0000_comp02_logden.f32__c0014__dt-f32/chunk_0,1000000,2,ans shuffle=byte,primary,1.44713604,-1,1.12957804,5.16029604,1
fields/00390__plt00130__fab0000_comp00_density.f32__c0006__dt-f32/chunk_0,1000000,2,ans shuffle=byte,primary,3.8692801,-1,1.18767535,7.4008041,1
fields/00391__plt00130__fab0000_comp01_rho_E.f32__c0014__dt-f32/chunk_0,1000000,2,ans shuffle=byte,primary,2.0628159,-1,13.8520965,2.3656079,1
fields/00396__plt00132__fab0000_comp00_density.f32__c0006__dt-f32/chunk_0,1000000,2,ans shuffle=byte,primary,1.50339198,-1,1.18684055,5.03739998,1
fields/00395__plt00131__fab0000_comp02_logden.f32__c0006__dt-f32/chunk_0,1000000,2,ans shuffle=byte,primary,1.32415998,-1,1.11834925,5.07460198,1
fields/00399__plt00133__fab0000_comp00_density.f32__c0006__dt-f32/chunk_0,1000000,2,ans shuffle=byte,primary,3.65856004,-1,1.18624575,7.19434004,1
fields/00398__plt00132__fab0000_comp02_logden.f32__c0014__dt-f32/chunk_0,1000000,2,ans shuffle=byte,primary,4.20480013,-1,1.12957804,7.91796013,1
fields/00399__plt00133__fab0000_comp00_density.f32__c0014__dt-f32/chunk_0,1000000,2,ans shuffle=byte,primary,4.21990395,-1,1.25189053,7.57027995,1
fields/00396__plt00132__fab0000_comp00_density.f32__c0014__dt-f32/chunk_0,1000000,2,ans shuffle=byte,primary,3.174016,-1,1.25189053,6.524392,1
fields/00400__plt00133__fab0000_comp01_rho_E.f32__c0006__dt-f32/chunk_0,1000000,2,ans shuffle=byte,primary,3.63964796,-1,1.99926785,5.73756796,1
fields/00397__plt00132__fab0000_comp01_rho_E.f32__c0006__dt-f32/chunk_0,1000000,2,ans shuffle=byte,primary,4.26428795,-1,2.01352623,6.34735195,1
fields/00397__plt00132__fab0000_comp01_rho_E.f32__c0014__dt-f32/chunk_0,1000000,2,ans shuffle=byte,primary,3.17251205,-1,13.8520965,3.47530405,1
fields/00398__plt00132__fab0000_comp02_logden.f32__c0006__dt-f32/chunk_0,1000000,2,ans shuffle=byte,primary,4.79231977,-1,1.11828962,8.54296177,1
fields/00402__plt00134__fab0000_comp00_density.f32__c0006__dt-f32/chunk_0,1000000,2,ans shuffle=byte,primary,4.94822407,-1,1.18568909,8.48566407,1
fields/00400__plt00133__fab0000_comp01_rho_E.f32__c0014__dt-f32/chunk_0,1000000,2,ans shuffle=byte,primary,1.54271996,-1,13.8520965,1.84551196,1
fields/00403__plt00134__fab0000_comp01_rho_E.f32__c0006__dt-f32/chunk_0,1000000,2,ans shuffle=byte,primary,5.41235209,-1,1.98541296,7.52491209,1
fields/00404__plt00134__fab0000_comp02_logden.f32__c0014__dt-f32/chunk_0,1000000,2,ans shuffle=byte,primary,5.05388784,-1,1.12957804,8.76704784,1
fields/00406__plt00135__fab0000_comp01_rho_E.f32__c0006__dt-f32/chunk_0,1000000,2,ans shuffle=byte,primary,4.84172821,-1,1.97285429,6.96773621,1
fields/00401__plt00133__fab0000_comp02_logden.f32__c0014__dt-f32/chunk_0,1000000,2,ans shuffle=byte,primary,4.05657578,-1,1.12957804,7.76973578,1
fields/00401__plt00133__fab0000_comp02_logden.f32__c0006__dt-f32/chunk_0,1000000,2,ans shuffle=byte,primary,1.38201594,-1,1.11830631,5.13260194,1
fields/00402__plt00134__fab0000_comp00_density.f32__c0014__dt-f32/chunk_0,1000000,2,ans shuffle=byte,primary,4.27759981,-1,1.25189053,7.62797581,1
fields/00404__plt00134__fab0000_comp02_logden.f32__c0006__dt-f32/chunk_0,1000000,2,ans shuffle=byte,primary,3.3238399,-1,1.11830751,7.0744219,1
fields/00409__plt00136__fab0000_comp01_rho_E.f32__c0006__dt-f32/chunk_0,1000000,2,ans shuffle=byte,primary,5.72800016,-1,1.96077977,7.86710016,1
fields/00403__plt00134__fab0000_comp01_rho_E.f32__c0014__dt-f32/chunk_0,1000000,2,ans shuffle=byte,primary,3.79920006,-1,13.8520965,4.10199206,1
fields/00405__plt00135__fab0000_comp00_density.f32__c0006__dt-f32/chunk_0,1000000,2,ans shuffle=byte,primary,3.47036791,-1,1.18509008,7.00959591,1
fields/00405__plt00135__fab0000_comp00_density.f32__c0014__dt-f32/chunk_0,1000000,2,ans shuffle=byte,primary,1.32307196,-1,1.25189053,4.67344796,1
fields/00406__plt00135__fab0000_comp01_rho_E.f32__c0014__dt-f32/chunk_0,1000000,2,ans shuffle=byte,primary,4.72979212,-1,13.8520965,5.03258412,1
fields/00407__plt00135__fab0000_comp02_logden.f32__c0014__dt-f32/chunk_0,1000000,2,ans shuffle=byte,primary,2.34707189,-1,1.12957804,6.06023189,1
fields/00408__plt00136__fab0000_comp00_density.f32__c0006__dt-f32/chunk_0,1000000,2,ans shuffle=byte,primary,3.76867199,-1,1.18434853,7.31011599,1
fields/00410__plt00136__fab0000_comp02_logden.f32__c0006__dt-f32/chunk_0,1000000,2,ans shuffle=byte,primary,3.66441607,-1,1.11838921,7.41472407,1
fields/00408__plt00136__fab0000_comp00_density.f32__c0014__dt-f32/chunk_0,1000000,2,ans shuffle=byte,primary,2.01167989,-1,1.25189053,5.36205589,1
fields/00407__plt00135__fab0000_comp02_logden.f32__c0006__dt-f32/chunk_0,1000000,2,ans shuffle=byte,primary,2.07574391,-1,1.11832301,5.82627391,1
fields/00409__plt00136__fab0000_comp01_rho_E.f32__c0014__dt-f32/chunk_0,1000000,2,ans shuffle=byte,primary,4.2436161,-1,13.8520965,4.5464081,1
fields/00412__plt00137__fab0000_comp01_rho_E.f32__c0014__dt-f32/chunk_0,1000000,2,ans shuffle=byte,primary,3.01920009,-1,13.8520965,3.32199209,1
fields/00413__plt00137__fab0000_comp02_logden.f32__c0006__dt-f32/chunk_0,1000000,2,ans shuffle=byte,primary,3.07849598,-1,1.11840233,6.82875998,1
fields/00410__plt00136__fab0000_comp02_logden.f32__c0014__dt-f32/chunk_0,1000000,2,ans shuffle=byte,primary,2.792768,-1,1.12957804,6.505928,1
fields/00411__plt00137__fab0000_comp00_density.f32__c0006__dt-f32/chunk_0,1000000,2,ans shuffle=byte,primary,1.71190405,-1,1.18383374,5.25488805,1
fields/00411__plt00137__fab0000_comp00_density.f32__c0014__dt-f32/chunk_0,1000000,2,ans shuffle=byte,primary,4.450912,-1,1.25189053,7.801288,1
fields/00412__plt00137__fab0000_comp01_rho_E.f32__c0006__dt-f32/chunk_0,1000000,2,ans shuffle=byte,primary,2.92227197,-1,1.95072293,5.07239997,1
fields/00414__plt00138__fab0000_comp00_density.f32__c0006__dt-f32/chunk_0,1000000,2,ans shuffle=byte,primary,1.42252803,-1,1.18327934,4.96717203,1
fields/00413__plt00137__fab0000_comp02_logden.f32__c0014__dt-f32/chunk_0,1000000,2,ans shuffle=byte,primary,1.42390394,-1,1.12957804,5.13706394,1
fields/00415__plt00138__fab0000_comp01_rho_E.f32__c0014__dt-f32/chunk_0,1000000,2,ans shuffle=byte,primary,1.38790405,-1,13.8520965,1.69069605,1
fields/00416__plt00138__fab0000_comp02_logden.f32__c0006__dt-f32/chunk_0,1000000,2,ans shuffle=byte,primary,2.62867188,-1,1.11844408,6.37879588,1
fields/00416__plt00138__fab0000_comp02_logden.f32__c0014__dt-f32/chunk_0,1000000,2,ans shuffle=byte,primary,3.03465605,-1,1.12957804,6.74781605,1
fields/00414__plt00138__fab0000_comp00_density.f32__c0014__dt-f32/chunk_0,1000000,2,ans shuffle=byte,primary,1.91254401,-1,1.25189053,5.26292001,1
fields/00415__plt00138__fab0000_comp01_rho_E.f32__c0006__dt-f32/chunk_0,1000000,2,ans shuffle=byte,primary,2.87660789,-1,1.9410813,5.03741589,1
fields/00417__plt00139__fab0000_comp00_density.f32__c0014__dt-f32/chunk_0,1000000,2,ans shuffle=byte,primary,3.44515204,-1,1.25189053,6.79552804,1
fields/00417__plt00139__fab0000_comp00_density.f32__c0006__dt-f32/chunk_0,1000000,2,ans shuffle=byte,primary,3.59168005,-1,1.18268943,7.13809205,1
fields/00418__plt00139__fab0000_comp01_rho_E.f32__c0006__dt-f32/chunk_0,1000000,2,ans shuffle=byte,primary,2.84121609,-1,1.93058143,5.01377609,1
fields/00419__plt00139__fab0000_comp02_logden.f32__c0014__dt-f32/chunk_0,1000000,2,ans shuffle=byte,primary,2.54582405,-1,1.12957804,6.25898405,1
fields/00423__plt00141__fab0000_comp00_density.f32__c0006__dt-f32/chunk_0,1000000,2,ans shuffle=byte,primary,3.15369606,-1,1.18170313,6.70306806,1
fields/00418__plt00139__fab0000_comp01_rho_E.f32__c0014__dt-f32/chunk_0,1000000,2,ans shuffle=byte,primary,6.31555223,-1,13.8520965,6.61834423,1
fields/00420__plt00140__fab0000_comp00_density.f32__c0014__dt-f32/chunk_0,1000000,2,ans shuffle=byte,primary,2.05107188,-1,1.25189053,5.40144788,1
fields/00420__plt00140__fab0000_comp00_density.f32__c0006__dt-f32/chunk_0,1000000,2,ans shuffle=byte,primary,2.04950404,-1,1.18218141,5.59744004,1
fields/00423__plt00141__fab0000_comp00_density.f32__c0014__dt-f32/chunk_0,1000000,2,ans shuffle=byte,primary,2.68736005,-1,1.25189053,6.03773605,1
fields/00419__plt00139__fab0000_comp02_logden.f32__c0006__dt-f32/chunk_0,1000000,2,ans shuffle=byte,primary,1.432096,-1,1.1184757,5.182114,1
fields/00421__plt00140__fab0000_comp01_rho_E.f32__c0006__dt-f32/chunk_0,1000000,2,ans shuffle=byte,primary,3.73875189,-1,1.91990977,5.92338789,1
fields/00422__plt00140__fab0000_comp02_logden.f32__c0006__dt-f32/chunk_0,1000000,2,ans shuffle=byte,primary,3.149472,-1,1.11849717,6.899418,1
fields/00422__plt00140__fab0000_comp02_logden.f32__c0014__dt-f32/chunk_0,1000000,2,ans shuffle=byte,primary,3.31955194,-1,1.12957804,7.03271194,1
fields/00424__plt00141__fab0000_comp01_rho_E.f32__c0014__dt-f32/chunk_0,1000000,2,ans shuffle=byte,primary,2.96755195,-1,13.8520965,3.27034395,1
fields/00424__plt00141__fab0000_comp01_rho_E.f32__c0006__dt-f32/chunk_0,1000000,2,ans shuffle=byte,primary,2.50211191,-1,1.90723003,4.70127191,1
fields/00421__plt00140__fab0000_comp01_rho_E.f32__c0014__dt-f32/chunk_0,1000000,2,ans shuffle=byte,primary,4.13216019,-1,13.8520965,4.43495219,1
fields/00426__plt00142__fab0000_comp00_density.f32__c0014__dt-f32/chunk_0,1000000,2,ans shuffle=byte,primary,2.58489609,-1,1.25189053,5.93527209,1
fields/00425__plt00141__fab0000_comp02_logden.f32__c0006__dt-f32/chunk_0,1000000,2,ans shuffle=byte,primary,2.78675199,-1,1.11856996,6.53645399,1
fields/00426__plt00142__fab0000_comp00_density.f32__c0006__dt-f32/chunk_0,1000000,2,ans shuffle=byte,primary,2.9462719,-1,1.18114407,6.4973239,1
fields/00425__plt00141__fab0000_comp02_logden.f32__c0014__dt-f32/chunk_0,1000000,2,ans shuffle=byte,primary,2.60025597,-1,1.12957804,6.31341597,1
fields/00430__plt00143__fab0000_comp01_rho_E.f32__c0014__dt-f32/chunk_0,1000000,2,ans shuffle=byte,primary,3.72588801,-1,13.8520965,4.02868001,1
fields/00427__plt00142__fab0000_comp01_rho_E.f32__c0006__dt-f32/chunk_0,1000000,2,ans shuffle=byte,primary,2.80745602,-1,1.89132309,5.02511202,1
fields/00427__plt00142__fab0000_comp01_rho_E.f32__c0014__dt-f32/chunk_0,1000000,2,ans shuffle=byte,primary,4.19811201,-1,13.8520965,4.50090401,1
fields/00428__plt00142__fab0000_comp02_logden.f32__c0014__dt-f32/chunk_0,1000000,2,ans shuffle=byte,primary,2.78473592,-1,1.12957804,6.49789592,1
fields/00431__plt00143__fab0000_comp02_logden.f32__c0014__dt-f32/chunk_0,1000000,2,ans shuffle=byte,primary,2.93772793,-1,1.12957804,6.65088793,1
fields/00433__plt00144__fab0000_comp01_rho_E.f32__c0014__dt-f32/chunk_0,1000000,2,ans shuffle=byte,primary,2.36220789,-1,13.8520965,2.66499989,1
fields/00428__plt00142__fab0000_comp02_logden.f32__c0006__dt-f32/chunk_0,1000000,2,ans shuffle=byte,primary,2.56656003,-1,1.1186517,6.31598803,1
fields/00429__plt00143__fab0000_comp00_density.f32__c0006__dt-f32/chunk_0,1000000,2,ans shuffle=byte,primary,0.74879998,-1,1.18081819,4.30083198,1
fields/00432__plt00144__fab0000_comp00_density.f32__c0006__dt-f32/chunk_0,1000000,2,ans shuffle=byte,primary,2.66102409,-1,1.18034499,6.21448009,1
fields/00431__plt00143__fab0000_comp02_logden.f32__c0006__dt-f32/chunk_0,1000000,2,ans shuffle=byte,primary,1.45270395,-1,1.11864454,5.20215595,1
fields/00430__plt00143__fab0000_comp01_rho_E.f32__c0006__dt-f32/chunk_0,1000000,2,ans shuffle=byte,primary,3.63990402,-1,1.8747202,5.87720002,1
fields/00429__plt00143__fab0000_comp00_density.f32__c0014__dt-f32/chunk_0,1000000,2,ans shuffle=byte,primary,2.52569604,-1,1.25189053,5.87607204,1
fields/00434__plt00144__fab0000_comp02_logden.f32__c0006__dt-f32/chunk_0,1000000,2,ans shuffle=byte,primary,3.59939194,-1,1.11882954,7.34822394,1
fields/00434__plt00144__fab0000_comp02_logden.f32__c0014__dt-f32/chunk_0,1000000,2,ans shuffle=byte,primary,2.20028806,-1,1.12957804,5.91344806,1
fields/00432__plt00144__fab0000_comp00_density.f32__c0014__dt-f32/chunk_0,1000000,2,ans shuffle=byte,primary,3.19548798,-1,1.25189053,6.54586398,1
fields/00433__plt00144__fab0000_comp01_rho_E.f32__c0006__dt-f32/chunk_0,1000000,2,ans shuffle=byte,primary,4.11107206,-1,1.85685952,6.36988806,1
fields/00436__plt00145__fab0000_comp01_rho_E.f32__c0014__dt-f32/chunk_0,1000000,2,ans shuffle=byte,primary,1.11337602,-1,13.8520965,1.41616802,1
fields/00438__plt00146__fab0000_comp00_density.f32__c0014__dt-f32/chunk_0,1000000,2,ans shuffle=byte,primary,4.31529617,-1,1.25189053,7.66567217,1
fields/00435__plt00145__fab0000_comp00_density.f32__c0014__dt-f32/chunk_0,1000000,2,ans shuffle=byte,primary,2.96217608,-1,1.25189053,6.31255208,1
fields/00435__plt00145__fab0000_comp00_density.f32__c0006__dt-f32/chunk_0,1000000,2,ans shuffle=byte,primary,2.34809589,-1,1.17991333,5.90285189,1
fields/00438__plt00146__fab0000_comp00_density.f32__c0006__dt-f32/chunk_0,1000000,2,ans shuffle=byte,primary,3.70991993,-1,1.17949791,7.26592793,1
fields/00436__plt00145__fab0000_comp01_rho_E.f32__c0006__dt-f32/chunk_0,1000000,2,ans shuffle=byte,primary,3.7097919,-1,1.8394618,5.9899719,1
fields/00437__plt00145__fab0000_comp02_logden.f32__c0014__dt-f32/chunk_0,1000000,2,ans shuffle=byte,primary,1.12031996,-1,1.12957804,4.83347996,1
fields/00437__plt00145__fab0000_comp02_logden.f32__c0006__dt-f32/chunk_0,1000000,2,ans shuffle=byte,primary,3.19670391,-1,1.11890476,6.94528391,1
fields/00439__plt00146__fab0000_comp01_rho_E.f32__c0006__dt-f32/chunk_0,1000000,2,ans shuffle=byte,primary,3.54998398,-1,1.82384516,5.84968798,1
fields/00441__plt00147__fab0000_comp00_density.f32__c0006__dt-f32/chunk_0,1000000,2,ans shuffle=byte,primary,1.92473602,-1,1.17906156,5.48206002,1
fields/00440__plt00146__fab0000_comp02_logden.f32__c0006__dt-f32/chunk_0,1000000,2,ans shuffle=byte,primary,2.38332796,-1,1.11900984,6.13155596,1
fields/00441__plt00147__fab0000_comp00_density.f32__c0014__dt-f32/chunk_0,1000000,2,ans shuffle=byte,primary,3.18057609,-1,1.25189053,6.53095209,1
fields/00440__plt00146__fab0000_comp02_logden.f32__c0014__dt-f32/chunk_0,1000000,2,ans shuffle=byte,primary,4.68400002,-1,1.12957804,8.39716002,1
fields/00439__plt00146__fab0000_comp01_rho_E.f32__c0014__dt-f32/chunk_0,1000000,2,ans shuffle=byte,primary,8.26288033,-1,13.8520965,8.56567233,1
fields/00443__plt00147__fab0000_comp02_logden.f32__c0006__dt-f32/chunk_0,1000000,2,ans shuffle=byte,primary,0.978432,-1,1.11912807,4.726264,1
fields/00442__plt00147__fab0000_comp01_rho_E.f32__c0006__dt-f32/chunk_0,1000000,2,ans shuffle=byte,primary,4.24067211,-1,1.81048989,6.55734011,1
fields/00442__plt00147__fab0000_comp01_rho_E.f32__c0014__dt-f32/chunk_0,1000000,2,ans shuffle=byte,primary,3.32768011,-1,13.8520965,3.63047211,1
fields/00444__plt00148__fab0000_comp00_density.f32__c0006__dt-f32/chunk_0,1000000,2,ans shuffle=byte,primary,2.0487361,-1,1.17873551,5.6070441,1
fields/00447__plt00149__fab0000_comp00_density.f32__c0006__dt-f32/chunk_0,1000000,2,ans shuffle=byte,primary,1.88076794,-1,1.17836726,5.44018794,1
fields/00443__plt00147__fab0000_comp02_logden.f32__c0014__dt-f32/chunk_0,1000000,2,ans shuffle=byte,primary,1.90227199,-1,1.12957804,5.61543199,1
fields/00445__plt00148__fab0000_comp01_rho_E.f32__c0006__dt-f32/chunk_0,1000000,2,ans shuffle=byte,primary,3.12470388,-1,1.7988242,5.45639588,1
fields/00444__plt00148__fab0000_comp00_density.f32__c0014__dt-f32/chunk_0,1000000,2,ans shuffle=byte,primary,0.55123198,-1,1.25189053,3.90160798,1
fields/00446__plt00148__fab0000_comp02_logden.f32__c0014__dt-f32/chunk_0,1000000,2,ans shuffle=byte,primary,3.1773119,-1,1.12957804,6.8904719,1
fields/00445__plt00148__fab0000_comp01_rho_E.f32__c0014__dt-f32/chunk_0,1000000,2,ans shuffle=byte,primary,3.23939204,-1,13.8520965,3.54218404,1
fields/00446__plt00148__fab0000_comp02_logden.f32__c0006__dt-f32/chunk_0,1000000,2,ans shuffle=byte,primary,3.440768,-1,1.11920572,7.18834,1
fields/00448__plt00149__fab0000_comp01_rho_E.f32__c0014__dt-f32/chunk_0,1000000,2,ans shuffle=byte,primary,2.78819203,-1,13.8520965,3.09098403,1
fields/00449__plt00149__fab0000_comp02_logden.f32__c0006__dt-f32/chunk_0,1000000,2,ans shuffle=byte,primary,3.75379205,-1,1.11932997,7.50094805,1
fields/00447__plt00149__fab0000_comp00_density.f32__c0014__dt-f32/chunk_0,1000000,2,ans shuffle=byte,primary,3.86847997,-1,1.25189053,7.21885597,1
fields/00449__plt00149__fab0000_comp02_logden.f32__c0014__dt-f32/chunk_0,1000000,2,ans shuffle=byte,primary,4.98422384,-1,1.12957804,8.69738384,1
fields/00450__plt00150__fab0000_comp00_density.f32__c0014__dt-f32/chunk_0,1000000,2,ans shuffle=byte,primary,2.49647999,-1,1.25189053,5.84685599,1
fields/00448__plt00149__fab0000_comp01_rho_E.f32__c0006__dt-f32/chunk_0,1000000,2,ans shuffle=byte,primary,1.80944002,-1,1.7878808,4.15540402,1
fields/00452__plt00150__fab0000_comp02_logden.f32__c0014__dt-f32/chunk_0,1000000,2,ans shuffle=byte,primary,4.32265615,-1,1.12957804,8.03581615,1
fields/00451__plt00150__fab0000_comp01_rho_E.f32__c0014__dt-f32/chunk_0,1000000,2,ans shuffle=byte,primary,3.5086081,-1,13.8520965,3.8114001,1
fields/00452__plt00150__fab0000_comp02_logden.f32__c0006__dt-f32/chunk_0,1000000,2,ans shuffle=byte,primary,1.69296002,-1,1.1193694,5.43998402,1
fields/00453__plt00151__fab0000_comp00_density.f32__c0006__dt-f32/chunk_0,1000000,2,ans shuffle=byte,primary,1.95955205,-1,1.17757855,5.52135605,1
fields/00451__plt00150__fab0000_comp01_rho_E.f32__c0006__dt-f32/chunk_0,1000000,2,ans shuffle=byte,primary,4.25251198,-1,1.7763021,6.61376798,1
fields/00453__plt00151__fab0000_comp00_density.f32__c0014__dt-f32/chunk_0,1000000,2,ans shuffle=byte,primary,2.70547199,-1,1.25189053,6.05584799,1
fields/00450__plt00150__fab0000_comp00_density.f32__c0006__dt-f32/chunk_0,1000000,2,ans shuffle=byte,primary,3.42444801,-1,1.17797675,6.98504801,1
fields/00455__plt00151__fab0000_comp02_logden.f32__c0014__dt-f32/chunk_0,1000000,2,ans shuffle=byte,primary,3.98185611,-1,1.12957804,7.69501611,1
fields/00458__plt00152__fab0000_comp02_logden.f32__c0006__dt-f32/chunk_0,1000000,2,ans shuffle=byte,primary,4.58640003,-1,1.11949727,8.33299603,1
fields/00455__plt00151__fab0000_comp02_logden.f32__c0006__dt-f32/chunk_0,1000000,2,ans shuffle=byte,primary,4.15942383,-1,1.11942795,7.90625183,1
fields/00456__plt00152__fab0000_comp00_density.f32__c0014__dt-f32/chunk_0,1000000,2,ans shuffle=byte,primary,2.14400005,-1,1.25189053,5.49437605,1
fields/00454__plt00151__fab0000_comp01_rho_E.f32__c0014__dt-f32/chunk_0,1000000,2,ans shuffle=byte,primary,4.8526082,-1,13.8520965,5.1554002,1
fields/00454__plt00151__fab0000_comp01_rho_E.f32__c0006__dt-f32/chunk_0,1000000,2,ans shuffle=byte,primary,3.89171195,-1,1.76342104,6.27021595,1
fields/00456__plt00152__fab0000_comp00_density.f32__c0006__dt-f32/chunk_0,1000000,2,ans shuffle=byte,primary,3.37247992,-1,1.17718592,6.93547192,1
fields/00459__plt00153__fab0000_comp00_density.f32__c0014__dt-f32/chunk_0,1000000,2,ans shuffle=byte,primary,4.24819183,-1,1.25189053,7.59856783,1
fields/00457__plt00152__fab0000_comp01_rho_E.f32__c0006__dt-f32/chunk_0,1000000,2,ans shuffle=byte,primary,3.99558401,-1,1.75016441,6.39210401,1
fields/00460__plt00153__fab0000_comp01_rho_E.f32__c0006__dt-f32/chunk_0,1000000,2,ans shuffle=byte,primary,3.17894411,-1,1.73738766,5.59308811,1
fields/00458__plt00152__fab0000_comp02_logden.f32__c0014__dt-f32/chunk_0,1000000,2,ans shuffle=byte,primary,2.2054081,-1,1.12957804,5.9185681,1
fields/00459__plt00153__fab0000_comp00_density.f32__c0006__dt-f32/chunk_0,1000000,2,ans shuffle=byte,primary,3.3624959,-1,1.17685033,6.9265039,1
fields/00457__plt00152__fab0000_comp01_rho_E.f32__c0014__dt-f32/chunk_0,1000000,2,ans shuffle=byte,primary,4.33395195,-1,13.8520965,4.63674395,1
fields/00461__plt00153__fab0000_comp02_logden.f32__c0006__dt-f32/chunk_0,1000000,2,ans shuffle=byte,primary,3.5155201,-1,1.11953492,7.2619901,1
fields/00461__plt00153__fab0000_comp02_logden.f32__c0014__dt-f32/chunk_0,1000000,2,ans shuffle=byte,primary,3.9310081,-1,1.12957804,7.6441681,1
fields/00460__plt00153__fab0000_comp01_rho_E.f32__c0014__dt-f32/chunk_0,1000000,2,ans shuffle=byte,primary,5.62665606,-1,13.8520965,5.92944806,1
fields/00463__plt00154__fab0000_comp01_rho_E.f32__c0006__dt-f32/chunk_0,1000000,2,ans shuffle=byte,primary,3.50937605,-1,1.72572719,5.93983205,1
fields/00463__plt00154__fab0000_comp01_rho_E.f32__c0014__dt-f32/chunk_0,1000000,2,ans shuffle=byte,primary,1.66332805,-1,13.8520965,1.96612005,1
fields/00466__plt00155__fab0000_comp01_rho_E.f32__c0014__dt-f32/chunk_0,1000000,2,ans shuffle=byte,primary,3.329216,-1,13.8520965,3.632008,1
fields/00462__plt00154__fab0000_comp00_density.f32__c0006__dt-f32/chunk_0,1000000,2,ans shuffle=byte,primary,2.97616005,-1,1.17651098,6.54119605,1
fields/00462__plt00154__fab0000_comp00_density.f32__c0014__dt-f32/chunk_0,1000000,2,ans shuffle=byte,primary,3.56902409,-1,1.25189053,6.91940009,1
fields/00464__plt00154__fab0000_comp02_logden.f32__c0014__dt-f32/chunk_0,1000000,2,ans shuffle=byte,primary,2.2105279,-1,1.12957804,5.9236879,1
fields/00466__plt00155__fab0000_comp01_rho_E.f32__c0006__dt-f32/chunk_0,1000000,2,ans shuffle=byte,primary,2.91241598,-1,1.7145193,5.35875998,1
fields/00465__plt00155__fab0000_comp00_density.f32__c0006__dt-f32/chunk_0,1000000,2,ans shuffle=byte,primary,2.59680009,-1,1.17599111,6.16341209,1
fields/00465__plt00155__fab0000_comp00_density.f32__c0014__dt-f32/chunk_0,1000000,2,ans shuffle=byte,primary,2.89014411,-1,1.25189053,6.24052011,1
fields/00467__plt00155__fab0000_comp02_logden.f32__c0014__dt-f32/chunk_0,1000000,2,ans shuffle=byte,primary,1.58998406,-1,1.12957804,5.30314406,1
fields/00468__plt00156__fab0000_comp00_density.f32__c0006__dt-f32/chunk_0,1000000,2,ans shuffle=byte,primary,4.65206385,-1,1.17558899,8.21989585,1
fields/00468__plt00156__fab0000_comp00_density.f32__c0014__dt-f32/chunk_0,1000000,2,ans shuffle=byte,primary,1.71395195,-1,1.25189053,5.06432795,1
fields/00464__plt00154__fab0000_comp02_logden.f32__c0006__dt-f32/chunk_0,1000000,2,ans shuffle=byte,primary,6.28512001,-1,1.11954927,10.031542,1
fields/00467__plt00155__fab0000_comp02_logden.f32__c0006__dt-f32/chunk_0,1000000,2,ans shuffle=byte,primary,1.45619202,-1,1.11973637,5.20198802,1
fields/00469__plt00156__fab0000_comp01_rho_E.f32__c0014__dt-f32/chunk_0,1000000,2,ans shuffle=byte,primary,3.96163201,-1,13.8520965,4.26442401,1
fields/00469__plt00156__fab0000_comp01_rho_E.f32__c0006__dt-f32/chunk_0,1000000,2,ans shuffle=byte,primary,1.53180802,-1,1.70427558,3.99285602,1
fields/00470__plt00156__fab0000_comp02_logden.f32__c0006__dt-f32/chunk_0,1000000,2,ans shuffle=byte,primary,2.27721596,-1,1.11984519,6.02264796,1
fields/00473__plt00157__fab0000_comp02_logden.f32__c0014__dt-f32/chunk_0,1000000,2,ans shuffle=byte,primary,3.7516799,-1,1.12957804,7.4648399,1
fields/00471__plt00157__fab0000_comp00_density.f32__c0006__dt-f32/chunk_0,1000000,2,ans shuffle=byte,primary,3.78435206,-1,1.17506861,7.35376406,1
fields/00472__plt00157__fab0000_comp01_rho_E.f32__c0006__dt-f32/chunk_0,1000000,2,ans shuffle=byte,primary,2.74207997,-1,1.69728794,5.21325997,1
fields/00470__plt00156__fab0000_comp02_logden.f32__c0014__dt-f32/chunk_0,1000000,2,ans shuffle=byte,primary,2.93504,-1,1.12957804,6.6482,1
fields/00475__plt00158__fab0000_comp01_rho_E.f32__c0006__dt-f32/chunk_0,1000000,2,ans shuffle=byte,primary,2.21116805,-1,1.68854178,4.69514805,1
fields/00474__plt00158__fab0000_comp00_density.f32__c0006__dt-f32/chunk_0,1000000,2,ans shuffle=byte,primary,3.44963193,-1,1.17459212,7.02049193,1
fields/00475__plt00158__fab0000_comp01_rho_E.f32__c0014__dt-f32/chunk_0,1000000,2,ans shuffle=byte,primary,1.57955205,-1,13.8520965,1.88234405,1
fields/00471__plt00157__fab0000_comp00_density.f32__c0014__dt-f32/chunk_0,1000000,2,ans shuffle=byte,primary,3.80780792,-1,1.25189053,7.15818392,1
fields/00472__plt00157__fab0000_comp01_rho_E.f32__c0014__dt-f32/chunk_0,1000000,2,ans shuffle=byte,primary,2.79952002,-1,13.8520965,3.10231202,1
fields/00476__plt00158__fab0000_comp02_logden.f32__c0006__dt-f32/chunk_0,1000000,2,ans shuffle=byte,primary,2.08073592,-1,1.12016939,5.82508392,1
fields/00473__plt00157__fab0000_comp02_logden.f32__c0006__dt-f32/chunk_0,1000000,2,ans shuffle=byte,primary,4.35824013,-1,1.11997138,8.10325013,1
fields/00474__plt00158__fab0000_comp00_density.f32__c0014__dt-f32/chunk_0,1000000,2,ans shuffle=byte,primary,2.85369611,-1,1.25189053,6.20407211,1
fields/00476__plt00158__fab0000_comp02_logden.f32__c0014__dt-f32/chunk_0,1000000,2,ans shuffle=byte,primary,2.80806398,-1,1.12957804,6.52122398,1
fields/00477__plt00159__fab0000_comp00_density.f32__c0014__dt-f32/chunk_0,1000000,2,ans shuffle=byte,primary,3.32806396,-1,1.25189053,6.67843996,1
fields/00477__plt00159__fab0000_comp00_density.f32__c0006__dt-f32/chunk_0,1000000,2,ans shuffle=byte,primary,2.38499188,-1,1.17426853,5.95683588,1
fields/00478__plt00159__fab0000_comp01_rho_E.f32__c0014__dt-f32/chunk_0,1000000,2,ans shuffle=byte,primary,3.94057608,-1,13.8520965,4.24336808,1
fields/00478__plt00159__fab0000_comp01_rho_E.f32__c0006__dt-f32/chunk_0,1000000,2,ans shuffle=byte,primary,3.48537588,-1,1.6798207,5.98225188,1
fields/00482__plt00160__fab0000_comp02_logden.f32__c0014__dt-f32/chunk_0,1000000,2,ans shuffle=byte,primary,1.40041602,-1,1.12957804,5.11357602,1
fields/00479__plt00159__fab0000_comp02_logden.f32__c0006__dt-f32/chunk_0,1000000,2,ans shuffle=byte,primary,4.4396801,-1,1.12031121,8.1835541,1
fields/00479__plt00159__fab0000_comp02_logden.f32__c0014__dt-f32/chunk_0,1000000,2,ans shuffle=byte,primary,3.08793592,-1,1.12957804,6.80109592,1
fields/00480__plt00160__fab0000_comp00_density.f32__c0006__dt-f32/chunk_0,1000000,2,ans shuffle=byte,primary,2.2025919,-1,1.17381633,5.7758119,1
fields/00481__plt00160__fab0000_comp01_rho_E.f32__c0006__dt-f32/chunk_0,1000000,2,ans shuffle=byte,primary,3.18777609,-1,1.67127716,5.69741609,1
fields/00480__plt00160__fab0000_comp00_density.f32__c0014__dt-f32/chunk_0,1000000,2,ans shuffle=byte,primary,2.19206405,-1,1.25189053,5.54244005,1
fields/00481__plt00160__fab0000_comp01_rho_E.f32__c0014__dt-f32/chunk_0,1000000,2,ans shuffle=byte,primary,0.876447976,-1,13.8517305,1.17924798,1
fields/00485__plt00161__fab0000_comp02_logden.f32__c0014__dt-f32/chunk_0,1000000,2,ans shuffle=byte,primary,2.67369604,-1,1.12957317,6.38687204,1
fields/00482__plt00160__fab0000_comp02_logden.f32__c0006__dt-f32/chunk_0,1000000,2,ans shuffle=byte,primary,0.898591995,-1,1.12038542,4.642218,1
fields/00483__plt00161__fab0000_comp00_density.f32__c0006__dt-f32/chunk_0,1000000,2,ans shuffle=byte,primary,1.31363201,-1,1.17343671,4.88800801,1
fields/00484__plt00161__fab0000_comp01_rho_E.f32__c0006__dt-f32/chunk_0,1000000,2,ans shuffle=byte,primary,4.27747202,-1,1.66227178,6.80070802,1
fields/00483__plt00161__fab0000_comp00_density.f32__c0014__dt-f32/chunk_0,1000000,2,ans shuffle=byte,primary,1.85219204,-1,1.25189053,5.20256804,1
fields/00484__plt00161__fab0000_comp01_rho_E.f32__c0014__dt-f32/chunk_0,1000000,2,ans shuffle=byte,primary,2.86752009,-1,13.8327265,3.17073609,1
fields/00487__plt00162__fab0000_comp01_rho_E.f32__c0014__dt-f32/chunk_0,1000000,2,ans shuffle=byte,primary,2.55171204,-1,13.802501,2.85559204,1
fields/00486__plt00162__fab0000_comp00_density.f32__c0014__dt-f32/chunk_0,1000000,2,ans shuffle=byte,primary,3.02108788,-1,1.25189053,6.37146388,1
fields/00488__plt00162__fab0000_comp02_logden.f32__c0014__dt-f32/chunk_0,1000000,2,ans shuffle=byte,primary,3.00038409,-1,1.12958048,6.71353609,1
fields/00485__plt00161__fab0000_comp02_logden.f32__c0006__dt-f32/chunk_0,1000000,2,ans shuffle=byte,primary,2.84649611,-1,1.12049677,6.58975011,1
fields/00489__plt00163__fab0000_comp00_density.f32__c0014__dt-f32/chunk_0,1000000,2,ans shuffle=byte,primary,2.6069119,-1,1.25189053,5.9572879,1
fields/00487__plt00162__fab0000_comp01_rho_E.f32__c0006__dt-f32/chunk_0,1000000,2,ans shuffle=byte,primary,3.17030406,-1,1.65424717,5.70578006,1
fields/00486__plt00162__fab0000_comp00_density.f32__c0006__dt-f32/chunk_0,1000000,2,ans shuffle=byte,primary,1.93865597,-1,1.1730547,5.51419597,1
fields/00489__plt00163__fab0000_comp00_density.f32__c0006__dt-f32/chunk_0,1000000,2,ans shuffle=byte,primary,1.88896,-1,1.17265983,5.465704,1
fields/00490__plt00163__fab0000_comp01_rho_E.f32__c0006__dt-f32/chunk_0,1000000,2,ans shuffle=byte,primary,3.20806408,-1,1.6464315,5.75557608,1
fields/00488__plt00162__fab0000_comp02_logden.f32__c0006__dt-f32/chunk_0,1000000,2,ans shuffle=byte,primary,2.88111997,-1,1.1207303,6.62359397,1
fields/00490__plt00163__fab0000_comp01_rho_E.f32__c0014__dt-f32/chunk_0,1000000,2,ans shuffle=byte,primary,1.276896,-1,13.7724073,1.58144,1
fields/00492__plt00164__fab0000_comp00_density.f32__c0006__dt-f32/chunk_0,1000000,2,ans shuffle=byte,primary,4.17843199,-1,1.1721368,7.75677199,1
fields/00493__plt00164__fab0000_comp01_rho_E.f32__c0006__dt-f32/chunk_0,1000000,2,ans shuffle=byte,primary,3.83417606,-1,1.63881995,6.39352006,1
fields/00491__plt00163__fab0000_comp02_logden.f32__c0006__dt-f32/chunk_0,1000000,2,ans shuffle=byte,primary,3.09350395,-1,1.12086807,6.83551795,1
fields/00494__plt00164__fab0000_comp02_logden.f32__c0006__dt-f32/chunk_0,1000000,2,ans shuffle=byte,primary,2.81705594,-1,1.12099389,6.55864994,1
fields/00493__plt00164__fab0000_comp01_rho_E.f32__c0014__dt-f32/chunk_0,1000000,2,ans shuffle=byte,primary,2.66739202,-1,13.7374034,2.97271202,1
fields/00491__plt00163__fab0000_comp02_logden.f32__c0014__dt-f32/chunk_0,1000000,2,ans shuffle=byte,primary,3.07580805,-1,1.12956344,6.78901605,1
fields/00492__plt00164__fab0000_comp00_density.f32__c0014__dt-f32/chunk_0,1000000,2,ans shuffle=byte,primary,4.26131201,-1,1.25188754,7.61169601,1
fields/00495__plt00165__fab0000_comp00_density.f32__c0006__dt-f32/chunk_0,1000000,2,ans shuffle=byte,primary,1.81110406,-1,1.17177921,5.39053606,1
fields/00500__plt00166__fab0000_comp02_logden.f32__c0014__dt-f32/chunk_0,1000000,2,ans shuffle=byte,primary,2.58905602,-1,1.12956831,6.30224802,1
fields/00494__plt00164__fab0000_comp02_logden.f32__c0014__dt-f32/chunk_0,1000000,2,ans shuffle=byte,primary,9.57478428,-1,1.12957074,13.2879683,1
fields/00495__plt00165__fab0000_comp00_density.f32__c0014__dt-f32/chunk_0,1000000,2,ans shuffle=byte,primary,0.263648003,-1,1.25188754,3.614032,1
fields/00497__plt00165__fab0000_comp02_logden.f32__c0014__dt-f32/chunk_0,1000000,2,ans shuffle=byte,primary,4.26336002,-1,1.12958534,7.97649602,1
fields/00496__plt00165__fab0000_comp01_rho_E.f32__c0006__dt-f32/chunk_0,1000000,2,ans shuffle=byte,primary,2.23632002,-1,1.63118963,4.80763602,1
fields/00496__plt00165__fab0000_comp01_rho_E.f32__c0014__dt-f32/chunk_0,1000000,2,ans shuffle=byte,primary,2.53823996,-1,13.6019717,2.84659996,1
fields/00497__plt00165__fab0000_comp02_logden.f32__c0006__dt-f32/chunk_0,1000000,2,ans shuffle=byte,primary,2.89276791,-1,1.12116409,6.63379391,1
fields/00500__plt00166__fab0000_comp02_logden.f32__c0006__dt-f32/chunk_0,1000000,2,ans shuffle=byte,primary,4.07001591,-1,1.12130676,7.81056591,1
fields/00499__plt00166__fab0000_comp01_rho_E.f32__c0014__dt-f32/chunk_0,1000000,2,ans shuffle=byte,primary,2.36806393,-1,13.4522502,2.67985593,1
fields/00498__plt00166__fab0000_comp00_density.f32__c0014__dt-f32/chunk_0,1000000,2,ans shuffle=byte,primary,4.61113596,-1,1.25188157,7.96153596,1
fields/00498__plt00166__fab0000_comp00_density.f32__c0006__dt-f32/chunk_0,1000000,2,ans shuffle=byte,primary,3.10393596,-1,1.1713708,6.68461596,1
fields/00499__plt00166__fab0000_comp01_rho_E.f32__c0006__dt-f32/chunk_0,1000000,2,ans shuffle=byte,primary,3.84163189,-1,1.62307714,6.42579989,1
fields/00502__plt00167__fab0000_comp01_rho_E.f32__c0014__dt-f32/chunk_0,1000000,2,ans shuffle=byte,primary,2.37987208,-1,13.2882524,2.69551208,1
fields/00501__plt00167__fab0000_comp00_density.f32__c0014__dt-f32/chunk_0,1000000,2,ans shuffle=byte,primary,1.48111999,-1,1.25188456,4.83151199,1
fields/00503__plt00167__fab0000_comp02_logden.f32__c0014__dt-f32/chunk_0,1000000,2,ans shuffle=byte,primary,2.9819839,-1,1.12961455,6.6950239,1
fields/00505__plt00168__fab0000_comp01_rho_E.f32__c0006__dt-f32/chunk_0,1000000,2,ans shuffle=byte,primary,5.01958418,-1,1.60619331,7.63091618,1
fields/00503__plt00167__fab0000_comp02_logden.f32__c0006__dt-f32/chunk_0,1000000,2,ans shuffle=byte,primary,3.89196801,-1,1.12141589,7.63215401,1
fields/00501__plt00167__fab0000_comp00_density.f32__c0006__dt-f32/chunk_0,1000000,2,ans shuffle=byte,primary,6.17043209,-1,1.17089338,9.75257209,1
fields/00502__plt00167__fab0000_comp01_rho_E.f32__c0006__dt-f32/chunk_0,1000000,2,ans shuffle=byte,primary,4.11119986,-1,1.61516683,6.70802386,1
fields/00504__plt00168__fab0000_comp00_density.f32__c0006__dt-f32/chunk_0,1000000,2,ans shuffle=byte,primary,1.52460802,-1,1.17030139,5.10856002,1
fields/00506__plt00168__fab0000_comp02_logden.f32__c0006__dt-f32/chunk_0,1000000,2,ans shuffle=byte,primary,2.73548794,-1,1.12154723,6.47523594,1
fields/00507__plt00169__fab0000_comp00_density.f32__c0006__dt-f32/chunk_0,1000000,2,ans shuffle=byte,primary,0.951776028,-1,1.1698405,4.53714003,1
fields/00504__plt00168__fab0000_comp00_density.f32__c0014__dt-f32/chunk_0,1000000,2,ans shuffle=byte,primary,2.75747204,-1,1.25187858,6.10788004,1
fields/00505__plt00168__fab0000_comp01_rho_E.f32__c0014__dt-f32/chunk_0,1000000,2,ans shuffle=byte,primary,4.23020792,-1,13.1049066,4.55026392,1
fields/00506__plt00168__fab0000_comp02_logden.f32__c0014__dt-f32/chunk_0,1000000,2,ans shuffle=byte,primary,1.831424,-1,1.12959994,5.544512,1
fields/00510__plt00170__fab0000_comp00_density.f32__c0014__dt-f32/chunk_0,1000000,2,ans shuffle=byte,primary,3.19903994,-1,1.25186064,6.54949594,1
fields/00512__plt00170__fab0000_comp02_logden.f32__c0006__dt-f32/chunk_0,1000000,2,ans shuffle=byte,primary,2.56876802,-1,1.12189702,6.30735002,1
fields/00511__plt00170__fab0000_comp01_rho_E.f32__c0014__dt-f32/chunk_0,1000000,2,ans shuffle=byte,primary,2.22531199,-1,12.6422801,2.55707999,1
fields/00508__plt00169__fab0000_comp01_rho_E.f32__c0014__dt-f32/chunk_0,1000000,2,ans shuffle=byte,primary,3.45699191,-1,12.9189069,3.78165591,1
fields/00508__plt00169__fab0000_comp01_rho_E.f32__c0006__dt-f32/chunk_0,1000000,2,ans shuffle=byte,primary,2.39974403,-1,1.59639,5.02711203,1
fields/00509__plt00169__fab0000_comp02_logden.f32__c0014__dt-f32/chunk_0,1000000,2,ans shuffle=byte,primary,2.34656,-1,1.12958048,6.059712,1
fields/00509__plt00169__fab0000_comp02_logden.f32__c0006__dt-f32/chunk_0,1000000,2,ans shuffle=byte,primary,2.81619191,-1,1.1217164,6.55537591,1
fields/00507__plt00169__fab0000_comp00_density.f32__c0014__dt-f32/chunk_0,1000000,2,ans shuffle=byte,primary,1.54703999,-1,1.25189053,4.89741599,1
fields/00510__plt00170__fab0000_comp00_density.f32__c0006__dt-f32/chunk_0,1000000,2,ans shuffle=byte,primary,3.71209598,-1,1.16924044,7.29929998,1
fields/00511__plt00170__fab0000_comp01_rho_E.f32__c0006__dt-f32/chunk_0,1000000,2,ans shuffle=byte,primary,2.96003199,-1,1.58701061,5.60292799,1
fields/00514__plt00171__fab0000_comp01_rho_E.f32__c0014__dt-f32/chunk_0,1000000,2,ans shuffle=byte,primary,4.46979189,-1,12.4465969,4.80677589,1
fields/00516__plt00172__fab0000_comp00_density.f32__c0014__dt-f32/chunk_0,1000000,2,ans shuffle=byte,primary,4.1216321,-1,1.25146919,7.4731361,1
fields/00517__plt00172__fab0000_comp01_rho_E.f32__c0014__dt-f32/chunk_0,1000000,2,ans shuffle=byte,primary,3.22252798,-1,12.1692547,3.56719198,1
fields/00513__plt00171__fab0000_comp00_density.f32__c0006__dt-f32/chunk_0,1000000,2,ans shuffle=byte,primary,2.78940797,-1,1.16878951,6.37799597,1
fields/00512__plt00170__fab0000_comp02_logden.f32__c0014__dt-f32/chunk_0,1000000,2,ans shuffle=byte,primary,2.1686399,-1,1.12960725,5.8817039,1
fields/00513__plt00171__fab0000_comp00_density.f32__c0014__dt-f32/chunk_0,1000000,2,ans shuffle=byte,primary,3.30265594,-1,1.25166937,6.65362394,1
fields/00514__plt00171__fab0000_comp01_rho_E.f32__c0006__dt-f32/chunk_0,1000000,2,ans shuffle=byte,primary,3.31113601,-1,1.57785713,5.96936401,1
fields/00515__plt00171__fab0000_comp02_logden.f32__c0014__dt-f32/chunk_0,1000000,2,ans shuffle=byte,primary,2.82768011,-1,1.12959508,6.54078411,1
fields/00516__plt00172__fab0000_comp00_density.f32__c0006__dt-f32/chunk_0,1000000,2,ans shuffle=byte,primary,4.46140814,-1,1.16835194,8.05134014,1
fields/00518__plt00172__fab0000_comp02_logden.f32__c0006__dt-f32/chunk_0,1000000,2,ans shuffle=byte,primary,3.22390389,-1,1.12220319,6.96146589,1
fields/00515__plt00171__fab0000_comp02_logden.f32__c0006__dt-f32/chunk_0,1000000,2,ans shuffle=byte,primary,3.18886399,-1,1.12204108,6.92696599,1
fields/00517__plt00172__fab0000_comp01_rho_E.f32__c0006__dt-f32/chunk_0,1000000,2,ans shuffle=byte,primary,3.40150404,-1,1.56890017,6.07490804,1
fields/00518__plt00172__fab0000_comp02_logden.f32__c0014__dt-f32/chunk_0,1000000,2,ans shuffle=byte,primary,4.38905621,-1,1.12955614,8.10228821,1
fields/00520__plt00173__fab0000_comp01_rho_E.f32__c0014__dt-f32/chunk_0,1000000,2,ans shuffle=byte,primary,0.397119999,-1,11.941691,0.748351999,1
fields/00519__plt00173__fab0000_comp00_density.f32__c0006__dt-f32/chunk_0,1000000,2,ans shuffle=byte,primary,1.30985606,-1,1.16783795,4.90136806,1
fields/00521__plt00173__fab0000_comp02_logden.f32__c0006__dt-f32/chunk_0,1000000,2,ans shuffle=byte,primary,0.381471992,-1,1.12242061,4.11830999,1
fields/00519__plt00173__fab0000_comp00_density.f32__c0014__dt-f32/chunk_0,1000000,2,ans shuffle=byte,primary,0.506431997,-1,1.2512422,3.858544,1
fields/00520__plt00173__fab0000_comp01_rho_E.f32__c0006__dt-f32/chunk_0,1000000,2,ans shuffle=byte,primary,1.72531199,-1,1.5613847,4.41158399,1
fields/00525__plt00175__fab0000_comp00_density.f32__c0014__dt-f32/chunk_0,1000000,2,ans shuffle=byte,primary,3.26153588,-1,1.25063631,6.61527188,1
fields/00522__plt00174__fab0000_comp00_density.f32__c0014__dt-f32/chunk_0,1000000,2,ans shuffle=byte,primary,4.74630404,-1,1.25092575,8.09926404,1
fields/00524__plt00174__fab0000_comp02_logden.f32__c0014__dt-f32/chunk_0,1000000,2,ans shuffle=byte,primary,1.20332801,-1,1.12957561,4.91649601,1
fields/00522__plt00174__fab0000_comp00_density.f32__c0006__dt-f32/chunk_0,1000000,2,ans shuffle=byte,primary,3.7046721,-1,1.16754277,7.2970921,1
fields/00521__plt00173__fab0000_comp02_logden.f32__c0014__dt-f32/chunk_0,1000000,2,ans shuffle=byte,primary,3.31443191,-1,1.12961942,7.02745591,1
fields/00523__plt00174__fab0000_comp01_rho_E.f32__c0014__dt-f32/chunk_0,1000000,2,ans shuffle=byte,primary,2.34432006,-1,11.7804292,2.70036006,1
fields/00524__plt00174__fab0000_comp02_logden.f32__c0006__dt-f32/chunk_0,1000000,2,ans shuffle=byte,primary,3.48556805,-1,1.12254918,7.22197805,1
fields/00526__plt00175__fab0000_comp01_rho_E.f32__c0006__dt-f32/chunk_0,1000000,2,ans shuffle=byte,primary,3.09212804,-1,1.54701036,5.80336004,1
fields/00527__plt00175__fab0000_comp02_logden.f32__c0006__dt-f32/chunk_0,1000000,2,ans shuffle=byte,primary,3.56620789,-1,1.12269041,7.30214789,1
fields/00523__plt00174__fab0000_comp01_rho_E.f32__c0006__dt-f32/chunk_0,1000000,2,ans shuffle=byte,primary,3.25721598,-1,1.55391095,5.95640798,1
fields/00525__plt00175__fab0000_comp00_density.f32__c0006__dt-f32/chunk_0,1000000,2,ans shuffle=byte,primary,4.74822378,-1,1.16719837,8.34170378,1
fields/00527__plt00175__fab0000_comp02_logden.f32__c0014__dt-f32/chunk_0,1000000,2,ans shuffle=byte,primary,3.66614389,-1,1.12958534,7.37927989,1
fields/00526__plt00175__fab0000_comp01_rho_E.f32__c0014__dt-f32/chunk_0,1000000,2,ans shuffle=byte,primary,3.06294394,-1,11.4248856,3.43006394,1
fields/00532__plt00177__fab0000_comp01_rho_E.f32__c0014__dt-f32/chunk_0,1000000,2,ans shuffle=byte,primary,1.21961606,-1,10.9468409,1.60276806,1
fields/00530__plt00176__fab0000_comp02_logden.f32__c0006__dt-f32/chunk_0,1000000,2,ans shuffle=byte,primary,2.41270399,-1,1.12286052,6.14807799,1
fields/00531__plt00177__fab0000_comp00_density.f32__c0006__dt-f32/chunk_0,1000000,2,ans shuffle=byte,primary,2.54025602,-1,1.16650239,6.13588002,1
fields/00529__plt00176__fab0000_comp01_rho_E.f32__c0006__dt-f32/chunk_0,1000000,2,ans shuffle=byte,primary,3.8768959,-1,1.54002829,6.6004199,1
fields/00528__plt00176__fab0000_comp00_density.f32__c0014__dt-f32/chunk_0,1000000,2,ans shuffle=byte,primary,4.09993601,-1,1.25027543,7.45464001,1
fields/00531__plt00177__fab0000_comp00_density.f32__c0014__dt-f32/chunk_0,1000000,2,ans shuffle=byte,primary,1.84150398,-1,1.24999225,5.19696798,1
fields/00528__plt00176__fab0000_comp00_density.f32__c0006__dt-f32/chunk_0,1000000,2,ans shuffle=byte,primary,1.49299204,-1,1.16685677,5.08752404,1
fields/00533__plt00177__fab0000_comp02_logden.f32__c0006__dt-f32/chunk_0,1000000,2,ans shuffle=byte,primary,1.33887994,-1,1.12308903,5.07349394,1
fields/00530__plt00176__fab0000_comp02_logden.f32__c0014__dt-f32/chunk_0,1000000,2,ans shuffle=byte,primary,2.42035198,-1,1.12959021,6.13347198,1
fields/00533__plt00177__fab0000_comp02_logden.f32__c0014__dt-f32/chunk_0,1000000,2,ans shuffle=byte,primary,1.54447997,-1,1.12958291,5.25762397,1
fields/00529__plt00176__fab0000_comp01_rho_E.f32__c0014__dt-f32/chunk_0,1000000,2,ans shuffle=byte,primary,2.30982399,-1,11.2488843,2.68268799,1
fields/00532__plt00177__fab0000_comp01_rho_E.f32__c0006__dt-f32/chunk_0,1000000,2,ans shuffle=byte,primary,3.5078721,-1,1.53286466,6.2441241,1
fields/00534__plt00178__fab0000_comp00_density.f32__c0006__dt-f32/chunk_0,1000000,2,ans shuffle=byte,primary,1.53532803,-1,1.16610932,5.13216403,1
fields/00535__plt00178__fab0000_comp01_rho_E.f32__c0014__dt-f32/chunk_0,1000000,2,ans shuffle=byte,primary,3.91219211,-1,10.7218553,4.30338411,1
fields/00537__plt00179__fab0000_comp00_density.f32__c0014__dt-f32/chunk_0,1000000,2,ans shuffle=byte,primary,3.72496009,-1,1.24945605,7.08186409,1
fields/00535__plt00178__fab0000_comp01_rho_E.f32__c0006__dt-f32/chunk_0,1000000,2,ans shuffle=byte,primary,2.33839989,-1,1.52605382,5.08686389,1
fields/00538__plt00179__fab0000_comp01_rho_E.f32__c0006__dt-f32/chunk_0,1000000,2,ans shuffle=byte,primary,1.34451199,-1,1.51927683,4.10523599,1
fields/00534__plt00178__fab0000_comp00_density.f32__c0014__dt-f32/chunk_0,1000000,2,ans shuffle=byte,primary,3.15372801,-1,1.24973601,6.50988001,1
fields/00539__plt00179__fab0000_comp02_logden.f32__c0006__dt-f32/chunk_0,1000000,2,ans shuffle=byte,primary,1.18944001,-1,1.12344339,4.92287601,1
fields/00536__plt00178__fab0000_comp02_logden.f32__c0006__dt-f32/chunk_0,1000000,2,ans shuffle=byte,primary,1.79110396,-1,1.12321234,5.52530796,1
fields/00536__plt00178__fab0000_comp02_logden.f32__c0014__dt-f32/chunk_0,1000000,2,ans shuffle=byte,primary,1.38684797,-1,1.12956344,5.10005597,1
fields/00540__plt00180__fab0000_comp00_density.f32__c0014__dt-f32/chunk_0,1000000,2,ans shuffle=byte,primary,2.52627206,-1,1.24920895,5.88384006,1
fields/00537__plt00179__fab0000_comp00_density.f32__c0006__dt-f32/chunk_0,1000000,2,ans shuffle=byte,primary,10.6109123,-1,1.16578262,14.2087563,1
fields/00538__plt00179__fab0000_comp01_rho_E.f32__c0014__dt-f32/chunk_0,1000000,2,ans shuffle=byte,primary,2.5172801,-1,10.4360842,2.9191841,1
fields/00539__plt00179__fab0000_comp02_logden.f32__c0014__dt-f32/chunk_0,1000000,2,ans shuffle=byte,primary,3.19545603,-1,1.12953424,6.90876003,1
fields/00542__plt00180__fab0000_comp02_logden.f32__c0014__dt-f32/chunk_0,1000000,2,ans shuffle=byte,primary,2.796,-1,1.12955371,6.50924,1
fields/00541__plt00180__fab0000_comp01_rho_E.f32__c0014__dt-f32/chunk_0,1000000,2,ans shuffle=byte,primary,1.721632,-1,10.201545,2.132776,1
fields/00540__plt00180__fab0000_comp00_density.f32__c0006__dt-f32/chunk_0,1000000,2,ans shuffle=byte,primary,3.34422398,-1,1.16533952,6.94343598,1
fields/00541__plt00180__fab0000_comp01_rho_E.f32__c0006__dt-f32/chunk_0,1000000,2,ans shuffle=byte,primary,2.36812806,-1,1.51277797,5.14071206,1
fields/00542__plt00180__fab0000_comp02_logden.f32__c0006__dt-f32/chunk_0,1000000,2,ans shuffle=byte,primary,3.13907194,-1,1.1236613,6.87178394,1
fields/00544__plt00181__fab0000_comp01_rho_E.f32__c0014__dt-f32/chunk_0,1000000,2,ans shuffle=byte,primary,3.22883201,-1,9.96025685,3.64993601,1
fields/00543__plt00181__fab0000_comp00_density.f32__c0006__dt-f32/chunk_0,1000000,2,ans shuffle=byte,primary,1.65827203,-1,1.16499901,5.25853603,1
fields/00546__plt00182__fab0000_comp00_density.f32__c0006__dt-f32/chunk_0,1000000,2,ans shuffle=byte,primary,0.335263997,-1,1.16463412,3.936656,1
fields/00544__plt00181__fab0000_comp01_rho_E.f32__c0006__dt-f32/chunk_0,1000000,2,ans shuffle=byte,primary,0.432992011,-1,1.50688432,3.21642001,1
fields/00543__plt00181__fab0000_comp00_density.f32__c0014__dt-f32/chunk_0,1000000,2,ans shuffle=byte,primary,1.362432,-1,1.24884593,4.720976,1
fields/00545__plt00181__fab0000_comp02_logden.f32__c0006__dt-f32/chunk_0,1000000,2,ans shuffle=byte,primary,1.30988801,-1,1.1239088,5.04177801,1
fields/00545__plt00181__fab0000_comp02_logden.f32__c0014__dt-f32/chunk_0,1000000,2,ans shuffle=byte,primary,3.26393604,-1,1.1294588,6.97748804,1
fields/00548__plt00182__fab0000_comp02_logden.f32__c0014__dt-f32/chunk_0,1000000,2,ans shuffle=byte,primary,2.40454412,-1,1.12947827,6.11803212,1
fields/00548__plt00182__fab0000_comp02_logden.f32__c0006__dt-f32/chunk_0,1000000,2,ans shuffle=byte,primary,0.980543971,-1,1.12416424,4.71158597,1
fields/00546__plt00182__fab0000_comp00_density.f32__c0014__dt-f32/chunk_0,1000000,2,ans shuffle=byte,primary,0.759840012,-1,1.24864071,4.11893601,1
fields/00547__plt00182__fab0000_comp01_rho_E.f32__c0006__dt-f32/chunk_0,1000000,2,ans shuffle=byte,primary,0.857631981,-1,1.50073564,3.65246398,1
fields/00547__plt00182__fab0000_comp01_rho_E.f32__c0014__dt-f32/chunk_0,1000000,2,ans shuffle=byte,primary,1.02815998,-1,9.68446719,1.46125598,1
fields/00549__plt00183__fab0000_comp00_density.f32__c0006__dt-f32/chunk_0,1000000,2,ans shuffle=byte,primary,1.30835199,-1,1.16421258,4.91104799,1
fields/00551__plt00183__fab0000_comp02_logden.f32__c0006__dt-f32/chunk_0,1000000,2,ans shuffle=byte,primary,1.39702404,-1,1.12424861,5.12778604,1
fields/00549__plt00183__fab0000_comp00_density.f32__c0014__dt-f32/chunk_0,1000000,2,ans shuffle=byte,primary,0.520063996,-1,1.24827504,3.880144,1
fields/00551__plt00183__fab0000_comp02_logden.f32__c0014__dt-f32/chunk_0,1000000,2,ans shuffle=byte,primary,1.10976005,-1,1.12939068,4.82353605,1
fields/00550__plt00183__fab0000_comp01_rho_E.f32__c0006__dt-f32/chunk_0,1000000,2,ans shuffle=byte,primary,1.90553606,-1,1.49440902,4.71220006,1
fields/00550__plt00183__fab0000_comp01_rho_E.f32__c0014__dt-f32/chunk_0,1000000,2,ans shuffle=byte,primary,0.527455986,-1,9.49487486,0.969199986,1
fields/00554__plt00184__fab0000_comp02_logden.f32__c0014__dt-f32/chunk_0,1000000,2,ans shuffle=byte,primary,1.72422397,-1,1.12938581,5.43801597,1
fields/00552__plt00184__fab0000_comp00_density.f32__c0006__dt-f32/chunk_0,1000000,2,ans shuffle=byte,primary,2.32851195,-1,1.16388435,5.93222395,1
fields/00552__plt00184__fab0000_comp00_density.f32__c0014__dt-f32/chunk_0,1000000,2,ans shuffle=byte,primary,3.41868806,-1,1.24796306,6.77960806,1
fields/00554__plt00184__fab0000_comp02_logden.f32__c0006__dt-f32/chunk_0,1000000,2,ans shuffle=byte,primary,0.888671994,-1,1.12442101,4.61886199,1
fields/00553__plt00184__fab0000_comp01_rho_E.f32__c0006__dt-f32/chunk_0,1000000,2,ans shuffle=byte,primary,2.49667192,-1,1.48800036,5.31542392,1
fields/00553__plt00184__fab0000_comp01_rho_E.f32__c0014__dt-f32/chunk_0,1000000,2,ans shuffle=byte,primary,1.06249595,-1,9.23806671,1.51651995,1
fields/00555__plt00185__fab0000_comp00_density.f32__c0014__dt-f32/chunk_0,1000000,2,ans shuffle=byte,primary,1.33948803,-1,1.24754732,4.70152803,1
fields/00555__plt00185__fab0000_comp00_density.f32__c0006__dt-f32/chunk_0,1000000,2,ans shuffle=byte,primary,2.47814393,-1,1.16355114,6.08288793,1
fields/00556__plt00185__fab0000_comp01_rho_E.f32__c0006__dt-f32/chunk_0,1000000,2,ans shuffle=byte,primary,2.18752003,-1,1.48170297,5.01825203,1
fields/00556__plt00185__fab0000_comp01_rho_E.f32__c0014__dt-f32/chunk_0,1000000,2,ans shuffle=byte,primary,2.63116789,-1,8.99540183,3.09743989,1
fields/00558__plt00186__fab0000_comp00_density.f32__c0006__dt-f32/chunk_0,1000000,2,ans shuffle=byte,primary,1.68339205,-1,1.16314071,5.28940805,1
fields/00557__plt00185__fab0000_comp02_logden.f32__c0006__dt-f32/chunk_0,1000000,2,ans shuffle=byte,primary,1.72671998,-1,1.12468935,5.45601998,1
fields/00557__plt00185__fab0000_comp02_logden.f32__c0014__dt-f32/chunk_0,1000000,2,ans shuffle=byte,primary,2.45814395,-1,1.12941258,6.17184795,1
fields/00559__plt00186__fab0000_comp01_rho_E.f32__c0014__dt-f32/chunk_0,1000000,2,ans shuffle=byte,primary,3.31219196,-1,8.74571295,3.79177596,1
fields/00558__plt00186__fab0000_comp00_density.f32__c0014__dt-f32/chunk_0,1000000,2,ans shuffle=byte,primary,1.47203195,-1,1.24712296,4.83521595,1
fields/00560__plt00186__fab0000_comp02_logden.f32__c0006__dt-f32/chunk_0,1000000,2,ans shuffle=byte,primary,2.88937593,-1,1.12488119,6.61803993,1
fields/00563__plt00187__fab0000_comp02_logden.f32__c0014__dt-f32/chunk_0,1000000,2,ans shuffle=byte,primary,2.68419194,-1,1.12942717,6.39784794,1
fields/00564__plt00188__fab0000_comp00_density.f32__c0006__dt-f32/chunk_0,1000000,2,ans shuffle=byte,primary,2.1194241,-1,1.16244183,5.7276081,1
fields/00559__plt00186__fab0000_comp01_rho_E.f32__c0006__dt-f32/chunk_0,1000000,2,ans shuffle=byte,primary,2.83967996,-1,1.47567875,5.68196796,1
fields/00561__plt00187__fab0000_comp00_density.f32__c0006__dt-f32/chunk_0,1000000,2,ans shuffle=byte,primary,3.10377598,-1,1.16277827,6.71091598,1
fields/00562__plt00187__fab0000_comp01_rho_E.f32__c0006__dt-f32/chunk_0,1000000,2,ans shuffle=byte,primary,2.720608,-1,1.47008451,5.573712,1
fields/00565__plt00188__fab0000_comp01_rho_E.f32__c0006__dt-f32/chunk_0,1000000,2,ans shuffle=byte,primary,1.10051203,-1,1.4649663,3.96358403,1
fields/00560__plt00186__fab0000_comp02_logden.f32__c0014__dt-f32/chunk_0,1000000,2,ans shuffle=byte,primary,3.57193589,-1,1.12940528,7.28566389,1
fields/00562__plt00187__fab0000_comp01_rho_E.f32__c0014__dt-f32/chunk_0,1000000,2,ans shuffle=byte,primary,2.65148807,-1,8.52265227,3.14362407,1
fields/00565__plt00188__fab0000_comp01_rho_E.f32__c0014__dt-f32/chunk_0,1000000,2,ans shuffle=byte,primary,3.16700792,-1,8.34587711,3.66956792,1
fields/00567__plt00189__fab0000_comp00_density.f32__c0014__dt-f32/chunk_0,1000000,2,ans shuffle=byte,primary,2.114784,-1,1.24591972,5.481216,1
fields/00563__plt00187__fab0000_comp02_logden.f32__c0006__dt-f32/chunk_0,1000000,2,ans shuffle=byte,primary,2.40592003,-1,1.1250224,6.13411603,1
fields/00561__plt00187__fab0000_comp00_density.f32__c0014__dt-f32/chunk_0,1000000,2,ans shuffle=byte,primary,2.41635203,-1,1.24680859,5.78038403,1
fields/00564__plt00188__fab0000_comp00_density.f32__c0014__dt-f32/chunk_0,1000000,2,ans shuffle=byte,primary,3.14172792,-1,1.2463077,6.50711192,1
fields/00567__plt00189__fab0000_comp00_density.f32__c0006__dt-f32/chunk_0,1000000,2,ans shuffle=byte,primary,1.99583995,-1,1.16217642,5.60484795,1
fields/00571__plt00190__fab0000_comp01_rho_E.f32__c0006__dt-f32/chunk_0,1000000,2,ans shuffle=byte,primary,1.36668801,-1,1.45442239,4.25051601,1
fields/00571__plt00190__fab0000_comp01_rho_E.f32__c0014__dt-f32/chunk_0,1000000,2,ans shuffle=byte,primary,3.28767991,-1,7.90161563,3.81849591,1
fields/00566__plt00188__fab0000_comp02_logden.f32__c0014__dt-f32/chunk_0,1000000,2,ans shuffle=byte,primary,2.87609601,-1,1.12941014,6.58980801,1
fields/00566__plt00188__fab0000_comp02_logden.f32__c0006__dt-f32/chunk_0,1000000,2,ans shuffle=byte,primary,2.75679994,-1,1.12528197,6.48413594,1
fields/00568__plt00189__fab0000_comp01_rho_E.f32__c0006__dt-f32/chunk_0,1000000,2,ans shuffle=byte,primary,3.1818881,-1,1.45957473,6.0555361,1
fields/00574__plt00191__fab0000_comp01_rho_E.f32__c0006__dt-f32/chunk_0,1000000,2,ans shuffle=byte,primary,3.31305599,-1,1.44926322,6.20714999,1
fields/00569__plt00189__fab0000_comp02_logden.f32__c0006__dt-f32/chunk_0,1000000,2,ans shuffle=byte,primary,3.33737612,-1,1.12544019,7.06418812,1
fields/00568__plt00189__fab0000_comp01_rho_E.f32__c0014__dt-f32/chunk_0,1000000,2,ans shuffle=byte,primary,2.7364161,-1,8.11038921,3.2535681,1
fields/00569__plt00189__fab0000_comp02_logden.f32__c0014__dt-f32/chunk_0,1000000,2,ans shuffle=byte,primary,2.03942394,-1,1.12936149,5.75329594,1
fields/00570__plt00190__fab0000_comp00_density.f32__c0006__dt-f32/chunk_0,1000000,2,ans shuffle=byte,primary,1.40156806,-1,1.16170389,5.01204406,1
fields/00572__plt00190__fab0000_comp02_logden.f32__c0006__dt-f32/chunk_0,1000000,2,ans shuffle=byte,primary,2.10604811,-1,1.12566491,5.83211611,1
fields/00570__plt00190__fab0000_comp00_density.f32__c0014__dt-f32/chunk_0,1000000,2,ans shuffle=byte,primary,2.37676811,-1,1.24542546,5.74453611,1
fields/00573__plt00191__fab0000_comp00_density.f32__c0014__dt-f32/chunk_0,1000000,2,ans shuffle=byte,primary,3.97123194,-1,1.24497889,7.34020794,1
fields/00572__plt00190__fab0000_comp02_logden.f32__c0014__dt-f32/chunk_0,1000000,2,ans shuffle=byte,primary,5.95775986,-1,1.1294588,9.67131186,1
fields/00575__plt00191__fab0000_comp02_logden.f32__c0006__dt-f32/chunk_0,1000000,2,ans shuffle=byte,primary,1.51993597,-1,1.12576401,5.24567597,1
fields/00577__plt00192__fab0000_comp01_rho_E.f32__c0014__dt-f32/chunk_0,1000000,2,ans shuffle=byte,primary,1.47289598,-1,7.46827726,2.03451198,1
fields/00573__plt00191__fab0000_comp00_density.f32__c0006__dt-f32/chunk_0,1000000,2,ans shuffle=byte,primary,3.29030395,-1,1.16134877,6.90188395,1
fields/00574__plt00191__fab0000_comp01_rho_E.f32__c0014__dt-f32/chunk_0,1000000,2,ans shuffle=byte,primary,2.73555207,-1,7.6634607,3.28286407,1
fields/00575__plt00191__fab0000_comp02_logden.f32__c0014__dt-f32/chunk_0,1000000,2,ans shuffle=byte,primary,6.86278391,-1,1.129488,10.5762399,1
fields/00576__plt00192__fab0000_comp00_density.f32__c0006__dt-f32/chunk_0,1000000,2,ans shuffle=byte,primary,2.072896,-1,1.16106844,5.685348,1
fields/00576__plt00192__fab0000_comp00_density.f32__c0014__dt-f32/chunk_0,1000000,2,ans shuffle=byte,primary,3.93327999,-1,1.24458878,7.30331199,1
fields/00578__plt00192__fab0000_comp02_logden.f32__c0014__dt-f32/chunk_0,1000000,2,ans shuffle=byte,primary,2.47030401,-1,1.12941501,6.18400001,1
fields/00577__plt00192__fab0000_comp01_rho_E.f32__c0006__dt-f32/chunk_0,1000000,2,ans shuffle=byte,primary,3.77497602,-1,1.44454639,6.67852002,1
fields/00579__plt00193__fab0000_comp00_density.f32__c0006__dt-f32/chunk_0,1000000,2,ans shuffle=byte,primary,2.10911989,-1,1.16075868,5.72253589,1
fields/00578__plt00192__fab0000_comp02_logden.f32__c0006__dt-f32/chunk_0,1000000,2,ans shuffle=byte,primary,2.04889607,-1,1.12595984,5.77398807,1
fields/00582__plt00194__fab0000_comp00_density.f32__c0006__dt-f32/chunk_0,1000000,2,ans shuffle=byte,primary,0.458144009,-1,1.16042469,4.07260001,1
fields/00580__plt00193__fab0000_comp01_rho_E.f32__c0014__dt-f32/chunk_0,1000000,2,ans shuffle=byte,primary,0.469695985,-1,7.30043444,1.04422399,1
fields/00580__plt00193__fab0000_comp01_rho_E.f32__c0006__dt-f32/chunk_0,1000000,2,ans shuffle=byte,primary,2.40576005,-1,1.43963183,5.31921605,1
fields/00579__plt00193__fab0000_comp00_density.f32__c0014__dt-f32/chunk_0,1000000,2,ans shuffle=byte,primary,1.70211196,-1,1.24406605,5.07355996,1
fields/00581__plt00193__fab0000_comp02_logden.f32__c0006__dt-f32/chunk_0,1000000,2,ans shuffle=byte,primary,1.16159999,-1,1.12612672,4.88613999,1
fields/00583__plt00194__fab0000_comp01_rho_E.f32__c0006__dt-f32/chunk_0,1000000,2,ans shuffle=byte,primary,3.67097592,-1,1.43567093,6.59246992,1
fields/00585__plt00195__fab0000_comp00_density.f32__c0006__dt-f32/chunk_0,1000000,2,ans shuffle=byte,primary,1.20060802,-1,1.16009475,4.81609202,1
fields/00586__plt00195__fab0000_comp01_rho_E.f32__c0014__dt-f32/chunk_0,1000000,2,ans shuffle=byte,primary,1.60143995,-1,6.90370409,2.20898395,1
fields/00581__plt00193__fab0000_comp02_logden.f32__c0014__dt-f32/chunk_0,1000000,2,ans shuffle=byte,primary,0.509248018,-1,1.12945394,4.22281602,1
fields/00584__plt00194__fab0000_comp02_logden.f32__c0006__dt-f32/chunk_0,1000000,2,ans shuffle=byte,primary,3.57532811,-1,1.12625856,7.29943211,1
fields/00583__plt00194__fab0000_comp01_rho_E.f32__c0014__dt-f32/chunk_0,1000000,2,ans shuffle=byte,primary,3.29724789,-1,7.08334572,3.88938389,1
fields/00585__plt00195__fab0000_comp00_density.f32__c0014__dt-f32/chunk_0,1000000,2,ans shuffle=byte,primary,1.55670404,-1,1.24319287,4.93052004,1
fields/00582__plt00194__fab0000_comp00_density.f32__c0014__dt-f32/chunk_0,1000000,2,ans shuffle=byte,primary,1.458848,-1,1.24369126,4.831312,1
fields/00584__plt00194__fab0000_comp02_logden.f32__c0014__dt-f32/chunk_0,1000000,2,ans shuffle=byte,primary,2.22252798,-1,1.12941014,5.93623998,1
fields/00587__plt00195__fab0000_comp02_logden.f32__c0014__dt-f32/chunk_0,1000000,2,ans shuffle=byte,primary,1.52432001,-1,1.12947097,5.23783201,1
fields/00586__plt00195__fab0000_comp01_rho_E.f32__c0006__dt-f32/chunk_0,1000000,2,ans shuffle=byte,primary,1.75401604,-1,1.43111428,4.68481204,1
fields/00588__plt00196__fab0000_comp00_density.f32__c0006__dt-f32/chunk_0,1000000,2,ans shuffle=byte,primary,2.948704,-1,1.15987788,6.564864,1
fields/00587__plt00195__fab0000_comp02_logden.f32__c0006__dt-f32/chunk_0,1000000,2,ans shuffle=byte,primary,3.28364801,-1,1.12647574,7.00703401,1
fields/00589__plt00196__fab0000_comp01_rho_E.f32__c0014__dt-f32/chunk_0,1000000,2,ans shuffle=byte,primary,1.54268801,-1,6.70376432,2.16835201,1
fields/00588__plt00196__fab0000_comp00_density.f32__c0014__dt-f32/chunk_0,1000000,2,ans shuffle=byte,primary,2.92700791,-1,1.24291583,6.30157591,1
fields/00589__plt00196__fab0000_comp01_rho_E.f32__c0006__dt-f32/chunk_0,1000000,2,ans shuffle=byte,primary,1.85139203,-1,1.42647972,4.79171003,1
fields/00592__plt00197__fab0000_comp01_rho_E.f32__c0006__dt-f32/chunk_0,1000000,2,ans shuffle=byte,primary,0.690752029,-1,1.42225598,3.63980203,1
fields/00591__plt00197__fab0000_comp00_density.f32__c0006__dt-f32/chunk_0,1000000,2,ans shuffle=byte,primary,0.976895988,-1,1.15960082,4.59391999,1
fields/00590__plt00196__fab0000_comp02_logden.f32__c0006__dt-f32/chunk_0,1000000,2,ans shuffle=byte,primary,1.63919997,-1,1.12675415,5.36166597,1
fields/00590__plt00196__fab0000_comp02_logden.f32__c0014__dt-f32/chunk_0,1000000,2,ans shuffle=byte,primary,0.699648023,-1,1.12944421,4.41324802,1
fields/00591__plt00197__fab0000_comp00_density.f32__c0014__dt-f32/chunk_0,1000000,2,ans shuffle=byte,primary,2.03017592,-1,1.24240629,5.40612792,1
fields/00592__plt00197__fab0000_comp01_rho_E.f32__c0014__dt-f32/chunk_0,1000000,2,ans shuffle=byte,primary,0.822687984,-1,6.53269537,1.46473598,1
fields/00596__plt00198__fab0000_comp02_logden.f32__c0014__dt-f32/chunk_0,1000000,2,ans shuffle=byte,primary,3.0498879,-1,1.1294661,6.7634159,1
fields/00595__plt00198__fab0000_comp01_rho_E.f32__c0006__dt-f32/chunk_0,1000000,2,ans shuffle=byte,primary,2.43590403,-1,1.4179891,5.39382803,1
fields/00593__plt00197__fab0000_comp02_logden.f32__c0006__dt-f32/chunk_0,1000000,2,ans shuffle=byte,primary,1.27520001,-1,1.12690127,4.99718001,1
fields/00593__plt00197__fab0000_comp02_logden.f32__c0014__dt-f32/chunk_0,1000000,2,ans shuffle=byte,primary,2.46313596,-1,1.1294807,6.17661596,1
fields/00594__plt00198__fab0000_comp00_density.f32__c0006__dt-f32/chunk_0,1000000,2,ans shuffle=byte,primary,2.36492801,-1,1.15931684,5.98283801,1
fields/00596__plt00198__fab0000_comp02_logden.f32__c0006__dt-f32/chunk_0,1000000,2,ans shuffle=byte,primary,2.36569595,-1,1.12717504,6.08677195,1
fields/00597__plt00199__fab0000_comp00_density.f32__c0006__dt-f32/chunk_0,1000000,2,ans shuffle=byte,primary,1.84176004,-1,1.15908617,5.46039004,1
fields/00594__plt00198__fab0000_comp00_density.f32__c0014__dt-f32/chunk_0,1000000,2,ans shuffle=byte,primary,0.448224008,-1,1.24206781,3.82509601,1
fields/00595__plt00198__fab0000_comp01_rho_E.f32__c0014__dt-f32/chunk_0,1000000,2,ans shuffle=byte,primary,3.427104,-1,6.37037217,4.085512,1
fields/00597__plt00199__fab0000_comp00_density.f32__c0014__dt-f32/chunk_0,1000000,2,ans shuffle=byte,primary,2.36332798,-1,1.24162364,5.74140798,1
fields/00600__plt00200__fab0000_comp00_density.f32__c0006__dt-f32/chunk_0,1000000,2,ans shuffle=byte,primary,0.852159977,-1,1.15882998,4.47158998,1
fields/00598__plt00199__fab0000_comp01_rho_E.f32__c0006__dt-f32/chunk_0,1000000,2,ans shuffle=byte,primary,2.29475188,-1,1.41426449,5.26046588,1
fields/00598__plt00199__fab0000_comp01_rho_E.f32__c0014__dt-f32/chunk_0,1000000,2,ans shuffle=byte,primary,2.48995209,-1,6.19520726,3.16697609,1
fields/00599__plt00199__fab0000_comp02_logden.f32__c0006__dt-f32/chunk_0,1000000,2,ans shuffle=byte,primary,2.76777601,-1,1.12739985,6.48811001,1
fields/00600__plt00200__fab0000_comp00_density.f32__c0014__dt-f32/chunk_0,1000000,2,ans shuffle=byte,primary,0.448927999,-1,1.24125914,3.828,1
fields/00599__plt00199__fab0000_comp02_logden.f32__c0014__dt-f32/chunk_0,1000000,2,ans shuffle=byte,primary,2.06835198,-1,1.12946002,5.78189998,1
fields/00602__plt00200__fab0000_comp02_logden.f32__c0006__dt-f32/chunk_0,1000000,2,ans shuffle=byte,primary,2.1208961,-1,1.12762475,5.8404881,1
fields/00601__plt00200__fab0000_comp01_rho_E.f32__c0006__dt-f32/chunk_0,1000000,2,ans shuffle=byte,primary,1.18470395,-1,1.41002734,4.15932995,1
fields/00602__plt00200__fab0000_comp02_logden.f32__c0014__dt-f32/chunk_0,1000000,2,ans shuffle=byte,primary,1.07075202,-1,1.12944299,4.78435602,1
fields/00603__plt00201__fab0000_comp00_density.f32__c0014__dt-f32/chunk_0,1000000,2,ans shuffle=byte,primary,3.0032959,-1,1.24083024,6.3835359,1
fields/00601__plt00200__fab0000_comp01_rho_E.f32__c0014__dt-f32/chunk_0,1000000,2,ans shuffle=byte,primary,3.34335995,-1,6.0581564,4.03569995,1
fields/00603__plt00201__fab0000_comp00_density.f32__c0006__dt-f32/chunk_0,1000000,2,ans shuffle=byte,primary,2.45040011,-1,1.15853486,6.07075211,1
fields/00606__plt00202__fab0000_comp00_density.f32__c0014__dt-f32/chunk_0,1000000,2,ans shuffle=byte,primary,1.431584,-1,1.24032827,4.813192,1
fields/00604__plt00201__fab0000_comp01_rho_E.f32__c0006__dt-f32/chunk_0,1000000,2,ans shuffle=byte,primary,2.39974403,-1,1.40625008,5.38236003,1
fields/00604__plt00201__fab0000_comp01_rho_E.f32__c0014__dt-f32/chunk_0,1000000,2,ans shuffle=byte,primary,1.85747194,-1,5.88839534,2.56977194,1
fields/00611__plt00203__fab0000_comp02_logden.f32__c0006__dt-f32/chunk_0,1000000,2,ans shuffle=byte,primary,0.557215989,-1,1.12827631,4.27465999,1
fields/00605__plt00201__fab0000_comp02_logden.f32__c0006__dt-f32/chunk_0,1000000,2,ans shuffle=byte,primary,1.96172798,-1,1.12781941,5.68067798,1
fields/00607__plt00202__fab0000_comp01_rho_E.f32__c0006__dt-f32/chunk_0,1000000,2,ans shuffle=byte,primary,2.77420807,-1,1.40259619,5.76459407,1
fields/00605__plt00201__fab0000_comp02_logden.f32__c0014__dt-f32/chunk_0,1000000,2,ans shuffle=byte,primary,2.21689606,-1,1.12962307,5.92990806,1
fields/00606__plt00202__fab0000_comp00_density.f32__c0006__dt-f32/chunk_0,1000000,2,ans shuffle=byte,primary,1.98969603,-1,1.15819959,5.61109603,1
fields/00609__plt00203__fab0000_comp00_density.f32__c0006__dt-f32/chunk_0,1000000,2,ans shuffle=byte,primary,3.10944009,-1,1.15797192,6.73155209,1
fields/00607__plt00202__fab0000_comp01_rho_E.f32__c0014__dt-f32/chunk_0,1000000,2,ans shuffle=byte,primary,1.60076797,-1,5.7479841,2.33046797,1
fields/00610__plt00203__fab0000_comp01_rho_E.f32__c0014__dt-f32/chunk_0,1000000,2,ans shuffle=byte,primary,2.86681604,-1,5.60924804,3.61456404,1
fields/00608__plt00202__fab0000_comp02_logden.f32__c0006__dt-f32/chunk_0,1000000,2,ans shuffle=byte,primary,5.11667204,-1,1.12800201,8.83502004,1
fields/00608__plt00202__fab0000_comp02_logden.f32__c0014__dt-f32/chunk_0,1000000,2,ans shuffle=byte,primary,2.00428796,-1,1.12968026,5.71711196,1
fields/00613__plt00204__fab0000_comp01_rho_E.f32__c0006__dt-f32/chunk_0,1000000,2,ans shuffle=byte,primary,1.90355206,-1,1.39503412,4.91014806,1
fields/00613__plt00204__fab0000_comp01_rho_E.f32__c0014__dt-f32/chunk_0,1000000,2,ans shuffle=byte,primary,2.35891199,-1,5.4870539,3.12331199,1
fields/00611__plt00203__fab0000_comp02_logden.f32__c0014__dt-f32/chunk_0,1000000,2,ans shuffle=byte,primary,1.14140797,-1,1.12960238,4.85448797,1
fields/00609__plt00203__fab0000_comp00_density.f32__c0014__dt-f32/chunk_0,1000000,2,ans shuffle=byte,primary,2.00230408,-1,1.2399176,5.38503208,1
fields/00610__plt00203__fab0000_comp01_rho_E.f32__c0006__dt-f32/chunk_0,1000000,2,ans shuffle=byte,primary,1.730304,-1,1.39916377,4.728026,1
fields/00614__plt00204__fab0000_comp02_logden.f32__c0006__dt-f32/chunk_0,1000000,2,ans shuffle=byte,primary,2.50806403,-1,1.12846755,6.22487803,1
fields/00614__plt00204__fab0000_comp02_logden.f32__c0014__dt-f32/chunk_0,1000000,2,ans shuffle=byte,primary,2.57420802,-1,1.12963158,6.28719202,1
fields/00612__plt00204__fab0000_comp00_density.f32__c0006__dt-f32/chunk_0,1000000,2,ans shuffle=byte,primary,2.07312012,-1,1.15771878,5.69602412,1
fields/00612__plt00204__fab0000_comp00_density.f32__c0014__dt-f32/chunk_0,1000000,2,ans shuffle=byte,primary,1.84028804,-1,1.23947791,5.22421604,1
fields/00615__plt00205__fab0000_comp00_density.f32__c0014__dt-f32/chunk_0,1000000,2,ans shuffle=byte,primary,2.83843207,-1,1.23904731,6.22353607,1
fields/00615__plt00205__fab0000_comp00_density.f32__c0006__dt-f32/chunk_0,1000000,2,ans shuffle=byte,primary,1.74105597,-1,1.15740315,5.36494797,1
fields/00616__plt00205__fab0000_comp01_rho_E.f32__c0014__dt-f32/chunk_0,1000000,2,ans shuffle=byte,primary,0.765248001,-1,5.37362018,1.545784,1
fields/00616__plt00205__fab0000_comp01_rho_E.f32__c0006__dt-f32/chunk_0,1000000,2,ans shuffle=byte,primary,2.74489594,-1,1.39148898,5.75915194,1
fields/00617__plt00205__fab0000_comp02_logden.f32__c0014__dt-f32/chunk_0,1000000,2,ans shuffle=byte,primary,0.50425601,-1,1.12965349,4.21716801,1
fields/00618__plt00206__fab0000_comp00_density.f32__c0006__dt-f32/chunk_0,1000000,2,ans shuffle=byte,primary,0.834016025,-1,1.15712471,4.45878003,1
fields/00618__plt00206__fab0000_comp00_density.f32__c0014__dt-f32/chunk_0,1000000,2,ans shuffle=byte,primary,0.400000006,-1,1.23854971,3.78646401,1
fields/00620__plt00206__fab0000_comp02_logden.f32__c0006__dt-f32/chunk_0,1000000,2,ans shuffle=byte,primary,1.95814395,-1,1.12883869,5.67373595,1
fields/00617__plt00205__fab0000_comp02_logden.f32__c0006__dt-f32/chunk_0,1000000,2,ans shuffle=byte,primary,0.571200013,-1,1.12868802,4.28728801,1
fields/00619__plt00206__fab0000_comp01_rho_E.f32__c0006__dt-f32/chunk_0,1000000,2,ans shuffle=byte,primary,2.01379204,-1,1.38724659,5.03726604,1
fields/00619__plt00206__fab0000_comp01_rho_E.f32__c0014__dt-f32/chunk_0,1000000,2,ans shuffle=byte,primary,3.22806406,-1,5.26050268,4.02538406,1
fields/00620__plt00206__fab0000_comp02_logden.f32__c0014__dt-f32/chunk_0,1000000,2,ans shuffle=byte,primary,2.89535999,-1,1.12967661,6.60819599,1
fields/00621__plt00207__fab0000_comp00_density.f32__c0006__dt-f32/chunk_0,1000000,2,ans shuffle=byte,primary,1.19241595,-1,1.15676984,4.81829195,1
fields/00621__plt00207__fab0000_comp00_density.f32__c0014__dt-f32/chunk_0,1000000,2,ans shuffle=byte,primary,1.91740799,-1,1.23803204,5.30528799,1
fields/00622__plt00207__fab0000_comp01_rho_E.f32__c0006__dt-f32/chunk_0,1000000,2,ans shuffle=byte,primary,1.58723199,-1,1.3829242,4.62015599,1
fields/00623__plt00207__fab0000_comp02_logden.f32__c0014__dt-f32/chunk_0,1000000,2,ans shuffle=byte,primary,1.37344003,-1,1.12974599,5.08604803,1
fields/00624__plt00208__fab0000_comp00_density.f32__c0006__dt-f32/chunk_0,1000000,2,ans shuffle=byte,primary,4.83392,-1,1.15650192,8.460636,1
fields/00622__plt00207__fab0000_comp01_rho_E.f32__c0014__dt-f32/chunk_0,1000000,2,ans shuffle=byte,primary,2.00675201,-1,5.15359398,2.82061201,1
fields/00623__plt00207__fab0000_comp02_logden.f32__c0006__dt-f32/chunk_0,1000000,2,ans shuffle=byte,primary,2.80591989,-1,1.1290514,6.52081189,1
fields/00624__plt00208__fab0000_comp00_density.f32__c0014__dt-f32/chunk_0,1000000,2,ans shuffle=byte,primary,1.93817604,-1,1.2375893,5.32726804,1
fields/00627__plt00209__fab0000_comp00_density.f32__c0014__dt-f32/chunk_0,1000000,2,ans shuffle=byte,primary,1.54476798,-1,1.2371206,4.93514398,1
fields/00625__plt00208__fab0000_comp01_rho_E.f32__c0006__dt-f32/chunk_0,1000000,2,ans shuffle=byte,primary,2.27097607,-1,1.37812858,5.31445407,1
fields/00628__plt00209__fab0000_comp01_rho_E.f32__c0006__dt-f32/chunk_0,1000000,2,ans shuffle=byte,primary,0.283008009,-1,1.37327886,3.33723401,1
fields/00627__plt00209__fab0000_comp00_density.f32__c0006__dt-f32/chunk_0,1000000,2,ans shuffle=byte,primary,1.14505601,-1,1.15631444,4.77236001,1
fields/00626__plt00208__fab0000_comp02_logden.f32__c0006__dt-f32/chunk_0,1000000,2,ans shuffle=byte,primary,0.872608006,-1,1.12925141,4.58684201,1
fields/00625__plt00208__fab0000_comp01_rho_E.f32__c0014__dt-f32/chunk_0,1000000,2,ans shuffle=byte,primary,1.545344,-1,5.04975223,2.37594,1
fields/00626__plt00208__fab0000_comp02_logden.f32__c0014__dt-f32/chunk_0,1000000,2,ans shuffle=byte,primary,0.657567978,-1,1.12976547,4.37011198,1
fields/00628__plt00209__fab0000_comp01_rho_E.f32__c0014__dt-f32/chunk_0,1000000,2,ans shuffle=byte,primary,2.04140806,-1,4.94963866,2.88880406,1
fields/00629__plt00209__fab0000_comp02_logden.f32__c0006__dt-f32/chunk_0,1000000,2,ans shuffle=byte,primary,1.28019202,-1,1.12945515,4.99375602,1
fields/00634__plt00211__fab0000_comp01_rho_E.f32__c0014__dt-f32/chunk_0,1000000,2,ans shuffle=byte,primary,1.924896,-1,4.76097419,2.805872,1
fields/00630__plt00210__fab0000_comp00_density.f32__c0014__dt-f32/chunk_0,1000000,2,ans shuffle=byte,primary,0.812416017,-1,1.23684043,4.20356002,1
fields/00633__plt00211__fab0000_comp00_density.f32__c0014__dt-f32/chunk_0,1000000,2,ans shuffle=byte,primary,1.68707204,-1,1.23639562,5.07943604,1
fields/00631__plt00210__fab0000_comp01_rho_E.f32__c0006__dt-f32/chunk_0,1000000,2,ans shuffle=byte,primary,0.791328013,-1,1.36840065,3.85644201,1
fields/00629__plt00209__fab0000_comp02_logden.f32__c0014__dt-f32/chunk_0,1000000,2,ans shuffle=byte,primary,1.82764804,-1,1.12975208,5.54023604,1
fields/00630__plt00210__fab0000_comp00_density.f32__c0006__dt-f32/chunk_0,1000000,2,ans shuffle=byte,primary,0.878784001,-1,1.15608624,4.506804,1
fields/00631__plt00210__fab0000_comp01_rho_E.f32__c0014__dt-f32/chunk_0,1000000,2,ans shuffle=byte,primary,1.89584005,-1,4.85328273,2.76006005,1
fields/00633__plt00211__fab0000_comp00_density.f32__c0006__dt-f32/chunk_0,1000000,2,ans shuffle=byte,primary,1.95360005,-1,1.15569443,5.58285005,1
fields/00632__plt00210__fab0000_comp02_logden.f32__c0006__dt-f32/chunk_0,1000000,2,ans shuffle=byte,primary,6.33088017,-1,1.12973869,10.0435122,1
fields/00636__plt00212__fab0000_comp00_density.f32__c0014__dt-f32/chunk_0,1000000,2,ans shuffle=byte,primary,1.62230396,-1,1.23615367,5.01533196,1
fields/00632__plt00210__fab0000_comp02_logden.f32__c0014__dt-f32/chunk_0,1000000,2,ans shuffle=byte,primary,2.72544003,-1,1.12979346,6.43789203,1
fields/00634__plt00211__fab0000_comp01_rho_E.f32__c0006__dt-f32/chunk_0,1000000,2,ans shuffle=byte,primary,2.60400009,-1,1.36447432,5.67793409,1
fields/00635__plt00211__fab0000_comp02_logden.f32__c0006__dt-f32/chunk_0,1000000,2,ans shuffle=byte,primary,1.74435198,-1,1.12990668,5.45643198,1
fields/00635__plt00211__fab0000_comp02_logden.f32__c0014__dt-f32/chunk_0,1000000,2,ans shuffle=byte,primary,0.611904025,-1,1.12976181,4.32446003,1
fields/00637__plt00212__fab0000_comp01_rho_E.f32__c0014__dt-f32/chunk_0,1000000,2,ans shuffle=byte,primary,2.34604812,-1,4.67059232,3.24407212,1
fields/00639__plt00213__fab0000_comp00_density.f32__c0014__dt-f32/chunk_0,1000000,2,ans shuffle=byte,primary,1.60316801,-1,1.23579673,4.99717601,1
fields/00636__plt00212__fab0000_comp00_density.f32__c0006__dt-f32/chunk_0,1000000,2,ans shuffle=byte,primary,8.38076782,-1,1.15534298,12.0111218,1
fields/00638__plt00212__fab0000_comp02_logden.f32__c0014__dt-f32/chunk_0,1000000,2,ans shuffle=byte,primary,1.64140797,-1,1.12978372,5.35389197,1
fields/00637__plt00212__fab0000_comp01_rho_E.f32__c0006__dt-f32/chunk_0,1000000,2,ans shuffle=byte,primary,1.75142395,-1,1.36060399,4.83410195,1
fields/00641__plt00213__fab0000_comp02_logden.f32__c0006__dt-f32/chunk_0,1000000,2,ans shuffle=byte,primary,2.4934721,-1,1.13031288,6.2042181,1
fields/00638__plt00212__fab0000_comp02_logden.f32__c0006__dt-f32/chunk_0,1000000,2,ans shuffle=byte,primary,2.59324789,-1,1.13012954,6.30459589,1
fields/00639__plt00213__fab0000_comp00_density.f32__c0006__dt-f32/chunk_0,1000000,2,ans shuffle=byte,primary,3.35391998,-1,1.15486771,6.98576798,1
fields/00642__plt00214__fab0000_comp00_density.f32__c0014__dt-f32/chunk_0,1000000,2,ans shuffle=byte,primary,1.93561602,-1,1.23550115,5.33043602,1
fields/00641__plt00213__fab0000_comp02_logden.f32__c0014__dt-f32/chunk_0,1000000,2,ans shuffle=byte,primary,1.81638396,-1,1.12978007,5.52887996,1
fields/00643__plt00214__fab0000_comp01_rho_E.f32__c0014__dt-f32/chunk_0,1000000,2,ans shuffle=byte,primary,2.87280011,-1,4.49569542,3.80576011,1
fields/00640__plt00213__fab0000_comp01_rho_E.f32__c0006__dt-f32/chunk_0,1000000,2,ans shuffle=byte,primary,1.32566404,-1,1.35701543,4.41649404,1
fields/00642__plt00214__fab0000_comp00_density.f32__c0006__dt-f32/chunk_0,1000000,2,ans shuffle=byte,primary,3.09430408,-1,1.1546795,6.72674408,1
fields/00640__plt00213__fab0000_comp01_rho_E.f32__c0014__dt-f32/chunk_0,1000000,2,ans shuffle=byte,primary,1.96796799,-1,4.57783502,2.88418799,1
fields/00645__plt00215__fab0000_comp00_density.f32__c0006__dt-f32/chunk_0,1000000,2,ans shuffle=byte,primary,0.745728016,-1,1.1544189,4.37898802,1
fields/00645__plt00215__fab0000_comp00_density.f32__c0014__dt-f32/chunk_0,1000000,2,ans shuffle=byte,primary,0.655903995,-1,1.23517951,4.051608,1
fields/00644__plt00214__fab0000_comp02_logden.f32__c0006__dt-f32/chunk_0,1000000,2,ans shuffle=byte,primary,2.89971209,-1,1.1304585,6.60998009,1
fields/00643__plt00214__fab0000_comp01_rho_E.f32__c0006__dt-f32/chunk_0,1000000,2,ans shuffle=byte,primary,2.62287998,-1,1.35309382,5.72266798,1
fields/00644__plt00214__fab0000_comp02_logden.f32__c0014__dt-f32/chunk_0,1000000,2,ans shuffle=byte,primary,2.45193601,-1,1.12988781,6.16407801,1
fields/00646__plt00215__fab0000_comp01_rho_E.f32__c0006__dt-f32/chunk_0,1000000,2,ans shuffle=byte,primary,0.208416,-1,1.34934674,3.316812,1
fields/00646__plt00215__fab0000_comp01_rho_E.f32__c0014__dt-f32/chunk_0,1000000,2,ans shuffle=byte,primary,0.501439989,-1,4.40907906,1.45272799,1
fields/00647__plt00215__fab0000_comp02_logden.f32__c0014__dt-f32/chunk_0,1000000,2,ans shuffle=byte,primary,0.203007996,-1,1.12981842,3.915378,1
fields/00648__plt00216__fab0000_comp00_density.f32__c0006__dt-f32/chunk_0,1000000,2,ans shuffle=byte,primary,1.09423995,-1,1.15415206,4.72833995,1
fields/00647__plt00215__fab0000_comp02_logden.f32__c0006__dt-f32/chunk_0,1000000,2,ans shuffle=byte,primary,0.183679998,-1,1.13061025,3.89345,1
fields/00648__plt00216__fab0000_comp00_density.f32__c0014__dt-f32/chunk_0,1000000,2,ans shuffle=byte,primary,1.42723203,-1,1.23497584,4.82349603,1
fields/00650__plt00216__fab0000_comp02_logden.f32__c0014__dt-f32/chunk_0,1000000,2,ans shuffle=byte,primary,0.988192022,-1,1.12986468,4.70041002,1
fields/00649__plt00216__fab0000_comp01_rho_E.f32__c0006__dt-f32/chunk_0,1000000,2,ans shuffle=byte,primary,2.2321279,-1,1.34597357,5.3483139,1
fields/00650__plt00216__fab0000_comp02_logden.f32__c0006__dt-f32/chunk_0,1000000,2,ans shuffle=byte,primary,1.68371201,-1,1.13080839,5.39283201,1
fields/00649__plt00216__fab0000_comp01_rho_E.f32__c0014__dt-f32/chunk_0,1000000,2,ans shuffle=byte,primary,2.1801281,-1,4.33097216,3.1485721,1
fields/00651__plt00217__fab0000_comp00_density.f32__c0014__dt-f32/chunk_0,1000000,2,ans shuffle=byte,primary,1.68496001,-1,1.23467338,5.08205601,1
fields/00651__plt00217__fab0000_comp00_density.f32__c0006__dt-f32/chunk_0,1000000,2,ans shuffle=byte,primary,1.38524795,-1,1.15390693,5.02011995,1
fields/00653__plt00217__fab0000_comp02_logden.f32__c0006__dt-f32/chunk_0,1000000,2,ans shuffle=byte,primary,0.387744009,-1,1.13106942,4.09600801,1
fields/00652__plt00217__fab0000_comp01_rho_E.f32__c0006__dt-f32/chunk_0,1000000,2,ans shuffle=byte,primary,0.986111999,-1,1.34262668,4.110066,1
fields/00652__plt00217__fab0000_comp01_rho_E.f32__c0014__dt-f32/chunk_0,1000000,2,ans shuffle=byte,primary,0.926111996,-1,4.25332311,1.912236,1
fields/00654__plt00218__fab0000_comp00_density.f32__c0006__dt-f32/chunk_0,1000000,2,ans shuffle=byte,primary,1.00220799,-1,1.15370634,4.63771199,1
fields/00653__plt00217__fab0000_comp02_logden.f32__c0014__dt-f32/chunk_0,1000000,2,ans shuffle=byte,primary,2.06800008,-1,1.129984,5.77982608,1
fields/00654__plt00218__fab0000_comp00_density.f32__c0014__dt-f32/chunk_0,1000000,2,ans shuffle=byte,primary,1.62553596,-1,1.23443064,5.02329996,1
fields/00655__plt00218__fab0000_comp01_rho_E.f32__c0006__dt-f32/chunk_0,1000000,2,ans shuffle=byte,primary,1.31225598,-1,1.33940076,4.44373398,1
fields/00656__plt00218__fab0000_comp02_logden.f32__c0006__dt-f32/chunk_0,1000000,2,ans shuffle=byte,primary,2.35545611,-1,1.13131348,6.06292011,1
fields/00655__plt00218__fab0000_comp01_rho_E.f32__c0014__dt-f32/chunk_0,1000000,2,ans shuffle=byte,primary,1.57427204,-1,4.18040832,2.57759604,1
fields/00659__plt00219__fab0000_comp02_logden.f32__c0014__dt-f32/chunk_0,1000000,2,ans shuffle=byte,primary,0.513152003,-1,1.13012162,4.224526,1
fields/00658__plt00219__fab0000_comp01_rho_E.f32__c0006__dt-f32/chunk_0,1000000,2,ans shuffle=byte,primary,0.229663998,-1,1.3361954,3.368654,1
fields/00656__plt00218__fab0000_comp02_logden.f32__c0014__dt-f32/chunk_0,1000000,2,ans shuffle=byte,primary,2.34851193,-1,1.13006316,6.06007793,1
fields/00660__plt00220__fab0000_comp00_density.f32__c0006__dt-f32/chunk_0,1000000,2,ans shuffle=byte,primary,0.512000024,-1,1.15333072,4.14868802,1
fields/00658__plt00219__fab0000_comp01_rho_E.f32__c0014__dt-f32/chunk_0,1000000,2,ans shuffle=byte,primary,1.26400006,-1,4.10834107,2.28492406,1
fields/00657__plt00219__fab0000_comp00_density.f32__c0006__dt-f32/chunk_0,1000000,2,ans shuffle=byte,primary,1.03510404,-1,1.15357751,4.67101404,1
fields/00661__plt00220__fab0000_comp01_rho_E.f32__c0006__dt-f32/chunk_0,1000000,2,ans shuffle=byte,primary,0.661216021,-1,1.33330197,3.80701802,1
fields/00660__plt00220__fab0000_comp00_density.f32__c0014__dt-f32/chunk_0,1000000,2,ans shuffle=byte,primary,0.49673599,-1,1.23396143,3.89579199,1
fields/00657__plt00219__fab0000_comp00_density.f32__c0014__dt-f32/chunk_0,1000000,2,ans shuffle=byte,primary,0.955871999,-1,1.23423449,4.354176,1
fields/00663__plt00221__fab0000_comp00_density.f32__c0006__dt-f32/chunk_0,1000000,2,ans shuffle=byte,primary,0.975712001,-1,1.15310053,4.613126,1
fields/00663__plt00221__fab0000_comp00_density.f32__c0014__dt-f32/chunk_0,1000000,2,ans shuffle=byte,primary,1.15072,-1,1.23388738,4.54998,1
fields/00659__plt00219__fab0000_comp02_logden.f32__c0006__dt-f32/chunk_0,1000000,2,ans shuffle=byte,primary,0.513759971,-1,1.13155215,4.22044197,1
fields/00661__plt00220__fab0000_comp01_rho_E.f32__c0014__dt-f32/chunk_0,1000000,2,ans shuffle=byte,primary,0.211871997,-1,4.03784556,1.25062,1
fields/00664__plt00221__fab0000_comp01_rho_E.f32__c0006__dt-f32/chunk_0,1000000,2,ans shuffle=byte,primary,1.01536,-1,1.33032736,4.168196,1
fields/00664__plt00221__fab0000_comp01_rho_E.f32__c0014__dt-f32/chunk_0,1000000,2,ans shuffle=byte,primary,0.64745599,-1,3.96861671,1.70432399,1
fields/00665__plt00221__fab0000_comp02_logden.f32__c0006__dt-f32/chunk_0,1000000,2,ans shuffle=byte,primary,1.79312003,-1,1.13198581,5.49838203,1
fields/00662__plt00220__fab0000_comp02_logden.f32__c0006__dt-f32/chunk_0,1000000,2,ans shuffle=byte,primary,1.49039996,-1,1.13175306,5.19642396,1
fields/00665__plt00221__fab0000_comp02_logden.f32__c0014__dt-f32/chunk_0,1000000,2,ans shuffle=byte,primary,0.461728007,-1,1.13030131,4.17251201,1
fields/00662__plt00220__fab0000_comp02_logden.f32__c0014__dt-f32/chunk_0,1000000,2,ans shuffle=byte,primary,1.71897602,-1,1.13020567,5.43007402,1
fields/00666__plt00222__fab0000_comp00_density.f32__c0006__dt-f32/chunk_0,1000000,2,ans shuffle=byte,primary,1.58816004,-1,1.15281339,5.22648004,1
fields/00666__plt00222__fab0000_comp00_density.f32__c0014__dt-f32/chunk_0,1000000,2,ans shuffle=byte,primary,0.962912023,-1,1.23385253,4.36226802,1
fields/00671__plt00223__fab0000_comp02_logden.f32__c0014__dt-f32/chunk_0,1000000,2,ans shuffle=byte,primary,1.149984,-1,1.13051761,4.860058,1
fields/00668__plt00222__fab0000_comp02_logden.f32__c0014__dt-f32/chunk_0,1000000,2,ans shuffle=byte,primary,1.40748799,-1,1.13042316,5.11787199,1
fields/00667__plt00222__fab0000_comp01_rho_E.f32__c0006__dt-f32/chunk_0,1000000,2,ans shuffle=byte,primary,1.60771203,-1,1.3277551,4.76665603,1
fields/00667__plt00222__fab0000_comp01_rho_E.f32__c0014__dt-f32/chunk_0,1000000,2,ans shuffle=byte,primary,1.20748794,-1,3.90568919,2.28138394,1
fields/00668__plt00222__fab0000_comp02_logden.f32__c0006__dt-f32/chunk_0,1000000,2,ans shuffle=byte,primary,0.960704029,-1,1.13223271,4.66515803,1
fields/00670__plt00223__fab0000_comp01_rho_E.f32__c0006__dt-f32/chunk_0,1000000,2,ans shuffle=byte,primary,1.61868799,-1,1.32496168,4.78429199,1
fields/00673__plt00224__fab0000_comp01_rho_E.f32__c0014__dt-f32/chunk_0,1000000,2,ans shuffle=byte,primary,0.208384007,-1,3.78016432,1.31794001,1
fields/00669__plt00223__fab0000_comp00_density.f32__c0006__dt-f32/chunk_0,1000000,2,ans shuffle=byte,primary,0.999872029,-1,1.15252829,4.63909203,1
fields/00669__plt00223__fab0000_comp00_density.f32__c0014__dt-f32/chunk_0,1000000,2,ans shuffle=byte,primary,1.27004802,-1,1.23374655,4.66969602,1
fields/00671__plt00223__fab0000_comp02_logden.f32__c0006__dt-f32/chunk_0,1000000,2,ans shuffle=byte,primary,1.64473605,-1,1.13250296,5.34830605,1
fields/00675__plt00225__fab0000_comp00_density.f32__c0006__dt-f32/chunk_0,1000000,2,ans shuffle=byte,primary,1.88035202,-1,1.15218952,5.52064202,1
fields/00676__plt00225__fab0000_comp01_rho_E.f32__c0014__dt-f32/chunk_0,1000000,2,ans shuffle=byte,primary,0.262176007,-1,3.71860515,1.39010001,1
fields/00670__plt00223__fab0000_comp01_rho_E.f32__c0014__dt-f32/chunk_0,1000000,2,ans shuffle=byte,primary,1.76803195,-1,3.8390393,2.86057195,1
fields/00676__plt00225__fab0000_comp01_rho_E.f32__c0006__dt-f32/chunk_0,1000000,2,ans shuffle=byte,primary,0.274464011,-1,1.32195163,3.44727601,1
fields/00672__plt00224__fab0000_comp00_density.f32__c0006__dt-f32/chunk_0,1000000,2,ans shuffle=byte,primary,1.11347198,-1,1.15229525,4.75342798,1
fields/00677__plt00225__fab0000_comp02_logden.f32__c0006__dt-f32/chunk_0,1000000,2,ans shuffle=byte,primary,0.366335988,-1,1.13297407,4.06836599,1
fields/00673__plt00224__fab0000_comp01_rho_E.f32__c0006__dt-f32/chunk_0,1000000,2,ans shuffle=byte,primary,0.515936017,-1,1.32315768,3.68585602,1
fields/00672__plt00224__fab0000_comp00_density.f32__c0014__dt-f32/chunk_0,1000000,2,ans shuffle=byte,primary,0.581632018,-1,1.23363334,3.98159202,1
fields/00674__plt00224__fab0000_comp02_logden.f32__c0006__dt-f32/chunk_0,1000000,2,ans shuffle=byte,primary,0.661632001,-1,1.13277701,4.364306,1
fields/00674__plt00224__fab0000_comp02_logden.f32__c0014__dt-f32/chunk_0,1000000,2,ans shuffle=byte,primary,1.91359997,-1,1.13055479,5.62355197,1
fields/00675__plt00225__fab0000_comp00_density.f32__c0014__dt-f32/chunk_0,1000000,2,ans shuffle=byte,primary,0.378208011,-1,1.2334592,3.77864801,1
fields/00679__plt00226__fab0000_comp01_rho_E.f32__c0006__dt-f32/chunk_0,1000000,2,ans shuffle=byte,primary,0.908640027,-1,1.32053986,4.08484403,1
fields/00677__plt00225__fab0000_comp02_logden.f32__c0014__dt-f32/chunk_0,1000000,2,ans shuffle=byte,primary,0.411520004,-1,1.13063464,4.12121,1
fields/00678__plt00226__fab0000_comp00_density.f32__c0006__dt-f32/chunk_0,1000000,2,ans shuffle=byte,primary,0.212607995,-1,1.15188069,3.85387399,1
fields/00680__plt00226__fab0000_comp02_logden.f32__c0006__dt-f32/chunk_0,1000000,2,ans shuffle=byte,primary,0.993312001,-1,1.13328571,4.694324,1
fields/00683__plt00227__fab0000_comp02_logden.f32__c0006__dt-f32/chunk_0,1000000,2,ans shuffle=byte,primary,1.30848002,-1,1.13356626,5.00857602,1
fields/00678__plt00226__fab0000_comp00_density.f32__c0014__dt-f32/chunk_0,1000000,2,ans shuffle=byte,primary,1.83641601,-1,1.23335909,5.23713201,1
fields/00682__plt00227__fab0000_comp01_rho_E.f32__c0006__dt-f32/chunk_0,1000000,2,ans shuffle=byte,primary,1.16175997,-1,1.31904814,4.34155597,1
fields/00684__plt00228__fab0000_comp00_density.f32__c0014__dt-f32/chunk_0,1000000,2,ans shuffle=byte,primary,0.289983988,-1,1.23308642,3.69145199,1
fields/00682__plt00227__fab0000_comp01_rho_E.f32__c0014__dt-f32/chunk_0,1000000,2,ans shuffle=byte,primary,0.538335979,-1,3.60683684,1.70121198,1
fields/00679__plt00226__fab0000_comp01_rho_E.f32__c0014__dt-f32/chunk_0,1000000,2,ans shuffle=byte,primary,0.775839984,-1,3.66368515,1.92067198,1
fields/00680__plt00226__fab0000_comp02_logden.f32__c0014__dt-f32/chunk_0,1000000,2,ans shuffle=byte,primary,2.03814411,-1,1.13065353,5.74777211,1
fields/00681__plt00227__fab0000_comp00_density.f32__c0006__dt-f32/chunk_0,1000000,2,ans shuffle=byte,primary,1.375072,-1,1.15169029,5.01694,1
fields/00681__plt00227__fab0000_comp00_density.f32__c0014__dt-f32/chunk_0,1000000,2,ans shuffle=byte,primary,0.894879997,-1,1.23329526,4.295772,1
fields/00686__plt00228__fab0000_comp02_logden.f32__c0006__dt-f32/chunk_0,1000000,2,ans shuffle=byte,primary,1.09561598,-1,1.13380221,4.79494198,1
fields/00684__plt00228__fab0000_comp00_density.f32__c0006__dt-f32/chunk_0,1000000,2,ans shuffle=byte,primary,0.652447999,-1,1.15150627,4.294898,1
fields/00683__plt00227__fab0000_comp02_logden.f32__c0014__dt-f32/chunk_0,1000000,2,ans shuffle=byte,primary,1.79939198,-1,1.13080351,5.50852798,1
fields/00685__plt00228__fab0000_comp01_rho_E.f32__c0006__dt-f32/chunk_0,1000000,2,ans shuffle=byte,primary,1.629408,-1,1.31673914,4.81478,1
fields/00685__plt00228__fab0000_comp01_rho_E.f32__c0014__dt-f32/chunk_0,1000000,2,ans shuffle=byte,primary,1.75497603,-1,3.55551939,2.93463603,1
fields/00690__plt00230__fab0000_comp00_density.f32__c0014__dt-f32/chunk_0,1000000,2,ans shuffle=byte,primary,0.376320004,-1,1.23299072,3.778052,1
fields/00690__plt00230__fab0000_comp00_density.f32__c0006__dt-f32/chunk_0,1000000,2,ans shuffle=byte,primary,0.395168006,-1,1.15112892,4.03881201,1
fields/00686__plt00228__fab0000_comp02_logden.f32__c0014__dt-f32/chunk_0,1000000,2,ans shuffle=byte,primary,0.890559971,-1,1.13078887,4.59974397,1
fields/00691__plt00230__fab0000_comp01_rho_E.f32__c0006__dt-f32/chunk_0,1000000,2,ans shuffle=byte,primary,0.202368006,-1,1.31294873,3.39693601,1
fields/00692__plt00230__fab0000_comp02_logden.f32__c0014__dt-f32/chunk_0,1000000,2,ans shuffle=byte,primary,0.308127999,-1,1.13084009,4.017144,1
fields/00691__plt00230__fab0000_comp01_rho_E.f32__c0014__dt-f32/chunk_0,1000000,2,ans shuffle=byte,primary,0.578592002,-1,3.45454725,1.792732,1
fields/00687__plt00229__fab0000_comp00_density.f32__c0006__dt-f32/chunk_0,1000000,2,ans shuffle=byte,primary,1.86947203,-1,1.15129386,5.51259403,1
fields/00692__plt00230__fab0000_comp02_logden.f32__c0006__dt-f32/chunk_0,1000000,2,ans shuffle=byte,primary,0.388031989,-1,1.13433391,4.08562399,1
fields/00687__plt00229__fab0000_comp00_density.f32__c0014__dt-f32/chunk_0,1000000,2,ans shuffle=byte,primary,1.666816,-1,1.23302407,5.068456,1
fields/00693__plt00231__fab0000_comp00_density.f32__c0014__dt-f32/chunk_0,1000000,2,ans shuffle=byte,primary,0.392192006,-1,1.23297478,3.79396801,1
fields/00688__plt00229__fab0000_comp01_rho_E.f32__c0006__dt-f32/chunk_0,1000000,2,ans shuffle=byte,primary,0.374527991,-1,1.31500362,3.56410399,1
fields/00688__plt00229__fab0000_comp01_rho_E.f32__c0014__dt-f32/chunk_0,1000000,2,ans shuffle=byte,primary,0.191679999,-1,3.50150936,1.389536,1
fields/00689__plt00229__fab0000_comp02_logden.f32__c0006__dt-f32/chunk_0,1000000,2,ans shuffle=byte,primary,0.299008012,-1,1.13403335,3.99758001,1
fields/00694__plt00231__fab0000_comp01_rho_E.f32__c0014__dt-f32/chunk_0,1000000,2,ans shuffle=byte,primary,0.365471989,-1,3.40463334,1.59741199,1
fields/00689__plt00229__fab0000_comp02_logden.f32__c0014__dt-f32/chunk_0,1000000,2,ans shuffle=byte,primary,0.19664,-1,1.13079863,3.905792,1
fields/00695__plt00231__fab0000_comp02_logden.f32__c0006__dt-f32/chunk_0,1000000,2,ans shuffle=byte,primary,0.446336001,-1,1.13459412,4.14308,1
fields/00695__plt00231__fab0000_comp02_logden.f32__c0014__dt-f32/chunk_0,1000000,2,ans shuffle=byte,primary,0.223327994,-1,1.13088156,3.93220799,1
fields/00693__plt00231__fab0000_comp00_density.f32__c0006__dt-f32/chunk_0,1000000,2,ans shuffle=byte,primary,0.363200009,-1,1.15102847,4.00716201,1
fields/00694__plt00231__fab0000_comp01_rho_E.f32__c0006__dt-f32/chunk_0,1000000,2,ans shuffle=byte,primary,1.17727995,-1,1.31151183,4.37534795,1
fields/00697__plt00232__fab0000_comp01_rho_E.f32__c0006__dt-f32/chunk_0,1000000,2,ans shuffle=byte,primary,1.42035198,-1,1.30967144,4.62291398,1
fields/00696__plt00232__fab0000_comp00_density.f32__c0006__dt-f32/chunk_0,1000000,2,ans shuffle=byte,primary,2.53292799,-1,1.15084403,6.17747399,1
fields/00697__plt00232__fab0000_comp01_rho_E.f32__c0014__dt-f32/chunk_0,1000000,2,ans shuffle=byte,primary,1.43926406,-1,3.35940999,2.68778806,1
fields/00696__plt00232__fab0000_comp00_density.f32__c0014__dt-f32/chunk_0,1000000,2,ans shuffle=byte,primary,1.49411201,-1,1.23295883,4.89593201,1
fields/00698__plt00232__fab0000_comp02_logden.f32__c0006__dt-f32/chunk_0,1000000,2,ans shuffle=byte,primary,1.39929605,-1,1.1348047,5.09535405,1
fields/00699__plt00233__fab0000_comp00_density.f32__c0006__dt-f32/chunk_0,1000000,2,ans shuffle=byte,primary,1.43315196,-1,1.15066722,5.07825796,1
fields/00700__plt00233__fab0000_comp01_rho_E.f32__c0014__dt-f32/chunk_0,1000000,2,ans shuffle=byte,primary,0.41427201,-1,3.31239793,1.68051601,1
fields/00698__plt00232__fab0000_comp02_logden.f32__c0014__dt-f32/chunk_0,1000000,2,ans shuffle=byte,primary,1.30783999,-1,1.13090229,5.01665199,1
fields/00702__plt00234__fab0000_comp00_density.f32__c0014__dt-f32/chunk_0,1000000,2,ans shuffle=byte,primary,0.379871994,-1,1.23307192,3.78137999,1
fields/00699__plt00233__fab0000_comp00_density.f32__c0014__dt-f32/chunk_0,1000000,2,ans shuffle=byte,primary,1.20300806,-1,1.23301537,4.60467206,1
fields/00705__plt00235__fab0000_comp00_density.f32__c0006__dt-f32/chunk_0,1000000,2,ans shuffle=byte,primary,0.411967993,-1,1.15024311,4.05841799,1
fields/00700__plt00233__fab0000_comp01_rho_E.f32__c0006__dt-f32/chunk_0,1000000,2,ans shuffle=byte,primary,0.817856014,-1,1.30806381,4.02435401,1
fields/00702__plt00234__fab0000_comp00_density.f32__c0006__dt-f32/chunk_0,1000000,2,ans shuffle=byte,primary,0.191776007,-1,1.15046649,3.83751801,1
fields/00701__plt00233__fab0000_comp02_logden.f32__c0014__dt-f32/chunk_0,1000000,2,ans shuffle=byte,primary,0.409247994,-1,1.13085717,4.11820799,1
fields/00701__plt00233__fab0000_comp02_logden.f32__c0006__dt-f32/chunk_0,1000000,2,ans shuffle=byte,primary,0.232864007,-1,1.1351112,3.92792401,1
fields/00704__plt00234__fab0000_comp02_logden.f32__c0006__dt-f32/chunk_0,1000000,2,ans shuffle=byte,primary,0.280544013,-1,1.13537054,3.97476001,1
fields/00706__plt00235__fab0000_comp01_rho_E.f32__c0006__dt-f32/chunk_0,1000000,2,ans shuffle=byte,primary,0.367776006,-1,1.30543868,3.58072201,1
fields/00703__plt00234__fab0000_comp01_rho_E.f32__c0014__dt-f32/chunk_0,1000000,2,ans shuffle=byte,primary,0.518783987,-1,3.26942336,1.80167199,1
fields/00703__plt00234__fab0000_comp01_rho_E.f32__c0006__dt-f32/chunk_0,1000000,2,ans shuffle=byte,primary,0.392287999,-1,1.30682322,3.60183,1
fields/00704__plt00234__fab0000_comp02_logden.f32__c0014__dt-f32/chunk_0,1000000,2,ans shuffle=byte,primary,1.21775997,-1,1.13098585,4.92629797,1
fields/00705__plt00235__fab0000_comp00_density.f32__c0014__dt-f32/chunk_0,1000000,2,ans shuffle=byte,primary,0.213696003,-1,1.23308787,3.61516,1
fields/00706__plt00235__fab0000_comp01_rho_E.f32__c0014__dt-f32/chunk_0,1000000,2,ans shuffle=byte,primary,1.34384,-1,3.22439353,2.644644,1
fields/00707__plt00235__fab0000_comp02_logden.f32__c0006__dt-f32/chunk_0,1000000,2,ans shuffle=byte,primary,1.64512002,-1,1.13566012,5.33839402,1
fields/00710__plt00236__fab0000_comp02_logden.f32__c0006__dt-f32/chunk_0,1000000,2,ans shuffle=byte,primary,0.811263978,-1,1.13599293,4.50345598,1
fields/00707__plt00235__fab0000_comp02_logden.f32__c0014__dt-f32/chunk_0,1000000,2,ans shuffle=byte,primary,1.62710404,-1,1.13089559,5.33593804,1
fields/00712__plt00237__fab0000_comp01_rho_E.f32__c0006__dt-f32/chunk_0,1000000,2,ans shuffle=byte,primary,0.263327986,-1,1.3049578,3.47745799,1
fields/00708__plt00236__fab0000_comp00_density.f32__c0006__dt-f32/chunk_0,1000000,2,ans shuffle=byte,primary,1.73391998,-1,1.15004127,5.38100998,1
fields/00711__plt00237__fab0000_comp00_density.f32__c0006__dt-f32/chunk_0,1000000,2,ans shuffle=byte,primary,0.900479972,-1,1.14988047,4.54807997,1
fields/00714__plt00238__fab0000_comp00_density.f32__c0006__dt-f32/chunk_0,1000000,2,ans shuffle=byte,primary,0.805631995,-1,1.14965921,4.453934,1
fields/00708__plt00236__fab0000_comp00_density.f32__c0014__dt-f32/chunk_0,1000000,2,ans shuffle=byte,primary,0.60531199,-1,1.23308787,4.00677599,1
fields/00711__plt00237__fab0000_comp00_density.f32__c0014__dt-f32/chunk_0,1000000,2,ans shuffle=byte,primary,0.401344001,-1,1.23317198,3.802576,1
fields/00709__plt00236__fab0000_comp01_rho_E.f32__c0006__dt-f32/chunk_0,1000000,2,ans shuffle=byte,primary,0.281248003,-1,1.30523069,3.494706,1
fields/00712__plt00237__fab0000_comp01_rho_E.f32__c0014__dt-f32/chunk_0,1000000,2,ans shuffle=byte,primary,0.191839993,-1,3.14179134,1.52684399,1
fields/00709__plt00236__fab0000_comp01_rho_E.f32__c0014__dt-f32/chunk_0,1000000,2,ans shuffle=byte,primary,0.78697598,-1,3.18441224,2.10411198,1
fields/00715__plt00238__fab0000_comp01_rho_E.f32__c0014__dt-f32/chunk_0,1000000,2,ans shuffle=byte,primary,0.221471995,-1,3.10333336,1.57302,1
fields/00710__plt00236__fab0000_comp02_logden.f32__c0014__dt-f32/chunk_0,1000000,2,ans shuffle=byte,primary,0.763199985,-1,1.13092242,4.47194599,1
fields/00713__plt00237__fab0000_comp02_logden.f32__c0006__dt-f32/chunk_0,1000000,2,ans shuffle=byte,primary,0.191456005,-1,1.13628098,3.882712,1
fields/00713__plt00237__fab0000_comp02_logden.f32__c0014__dt-f32/chunk_0,1000000,2,ans shuffle=byte,primary,0.211199999,-1,1.13084802,3.92019,1
fields/00717__plt00239__fab0000_comp00_density.f32__c0006__dt-f32/chunk_0,1000000,2,ans shuffle=byte,primary,0.371295989,-1,1.14956468,4.01989799,1
fields/00719__plt00239__fab0000_comp02_logden.f32__c0006__dt-f32/chunk_0,1000000,2,ans shuffle=byte,primary,0.219328001,-1,1.13687911,3.908642,1
fields/00714__plt00238__fab0000_comp00_density.f32__c0014__dt-f32/chunk_0,1000000,2,ans shuffle=byte,primary,0.354624003,-1,1.23308642,3.756092,1
fields/00717__plt00239__fab0000_comp00_density.f32__c0014__dt-f32/chunk_0,1000000,2,ans shuffle=byte,primary,0.223135993,-1,1.23303712,3.62473999,1
fields/00715__plt00238__fab0000_comp01_rho_E.f32__c0006__dt-f32/chunk_0,1000000,2,ans shuffle=byte,primary,0.222176,-1,1.30440667,3.437664,1
fields/00719__plt00239__fab0000_comp02_logden.f32__c0014__dt-f32/chunk_0,1000000,2,ans shuffle=byte,primary,1.031968,-1,1.13081631,4.741062,1
fields/00716__plt00238__fab0000_comp02_logden.f32__c0006__dt-f32/chunk_0,1000000,2,ans shuffle=byte,primary,0.393503994,-1,1.1365852,4.08377199,1
fields/00721__plt00240__fab0000_comp01_rho_E.f32__c0006__dt-f32/chunk_0,1000000,2,ans shuffle=byte,primary,0.210943997,-1,1.30240658,3.43137,1
fields/00721__plt00240__fab0000_comp01_rho_E.f32__c0014__dt-f32/chunk_0,1000000,2,ans shuffle=byte,primary,0.839359999,-1,3.02743404,2.224792,1
fields/00716__plt00238__fab0000_comp02_logden.f32__c0014__dt-f32/chunk_0,1000000,2,ans shuffle=byte,primary,0.255712003,-1,1.13086631,3.964642,1
fields/00718__plt00239__fab0000_comp01_rho_E.f32__c0006__dt-f32/chunk_0,1000000,2,ans shuffle=byte,primary,0.84515202,-1,1.3026339,4.06501602,1
fields/00718__plt00239__fab0000_comp01_rho_E.f32__c0014__dt-f32/chunk_0,1000000,2,ans shuffle=byte,primary,0.195583999,-1,3.06675597,1.563252,1
fields/00723__plt00241__fab0000_comp00_density.f32__c0014__dt-f32/chunk_0,1000000,2,ans shuffle=byte,primary,0.222080007,-1,1.23295013,3.62392401,1
fields/00723__plt00241__fab0000_comp00_density.f32__c0006__dt-f32/chunk_0,1000000,2,ans shuffle=byte,primary,0.724864006,-1,1.14925159,4.37446001,1
fields/00720__plt00240__fab0000_comp00_density.f32__c0006__dt-f32/chunk_0,1000000,2,ans shuffle=byte,primary,0.397408009,-1,1.1494393,4.04640801,1
fields/00725__plt00241__fab0000_comp02_logden.f32__c0014__dt-f32/chunk_0,1000000,2,ans shuffle=byte,primary,0.450271994,-1,1.13074315,4.15960599,1
fields/00720__plt00240__fab0000_comp00_density.f32__c0014__dt-f32/chunk_0,1000000,2,ans shuffle=byte,primary,0.201056004,-1,1.23306612,3.60258,1
fields/00726__plt00242__fab0000_comp00_density.f32__c0006__dt-f32/chunk_0,1000000,2,ans shuffle=byte,primary,0.474976003,-1,1.1490098,4.12534,1
fields/00728__plt00242__fab0000_comp02_logden.f32__c0006__dt-f32/chunk_0,1000000,2,ans shuffle=byte,primary,0.199808002,-1,1.13774074,3.886328,1
fields/00722__plt00240__fab0000_comp02_logden.f32__c0006__dt-f32/chunk_0,1000000,2,ans shuffle=byte,primary,1.15676796,-1,1.13719536,4.84505596,1
fields/00722__plt00240__fab0000_comp02_logden.f32__c0014__dt-f32/chunk_0,1000000,2,ans shuffle=byte,primary,0.331775993,-1,1.13074315,4.04110999,1
fields/00728__plt00242__fab0000_comp02_logden.f32__c0014__dt-f32/chunk_0,1000000,2,ans shuffle=byte,primary,0.366079986,-1,1.13068218,4.07561399,1
fields/00724__plt00241__fab0000_comp01_rho_E.f32__c0006__dt-f32/chunk_0,1000000,2,ans shuffle=byte,primary,0.184576005,-1,1.30057793,3.40953,1
fields/00729__plt00243__fab0000_comp00_density.f32__c0014__dt-f32/chunk_0,1000000,2,ans shuffle=byte,primary,0.415648013,-1,1.23288634,3.81766801,1
fields/00724__plt00241__fab0000_comp01_rho_E.f32__c0014__dt-f32/chunk_0,1000000,2,ans shuffle=byte,primary,0.346399993,-1,2.992315,1.74809199,1
fields/00730__plt00243__fab0000_comp01_rho_E.f32__c0014__dt-f32/chunk_0,1000000,2,ans shuffle=byte,primary,0.192895994,-1,2.92227344,1.62818399,1
fields/00725__plt00241__fab0000_comp02_logden.f32__c0006__dt-f32/chunk_0,1000000,2,ans shuffle=byte,primary,0.451999992,-1,1.13750871,4.13927199,1
fields/00726__plt00242__fab0000_comp00_density.f32__c0014__dt-f32/chunk_0,1000000,2,ans shuffle=byte,primary,0.359072,-1,1.23289069,3.76108,1
fields/00727__plt00242__fab0000_comp01_rho_E.f32__c0006__dt-f32/chunk_0,1000000,2,ans shuffle=byte,primary,0.423967987,-1,1.29841347,3.65429799,1
fields/00731__plt00243__fab0000_comp02_logden.f32__c0014__dt-f32/chunk_0,1000000,2,ans shuffle=byte,primary,0.299968004,-1,1.13063707,4.00965,1
fields/00727__plt00242__fab0000_comp01_rho_E.f32__c0014__dt-f32/chunk_0,1000000,2,ans shuffle=byte,primary,0.365440011,-1,2.955192,1.78474001,1
fields/00732__plt00244__fab0000_comp00_density.f32__c0006__dt-f32/chunk_0,1000000,2,ans shuffle=byte,primary,0.36956799,-1,1.14877818,4.02066799,1
fields/00729__plt00243__fab0000_comp00_density.f32__c0006__dt-f32/chunk_0,1000000,2,ans shuffle=byte,primary,1.27056003,-1,1.14883356,4.92148403,1
fields/00732__plt00244__fab0000_comp00_density.f32__c0014__dt-f32/chunk_0,1000000,2,ans shuffle=byte,primary,0.210592002,-1,1.23279213,3.612872,1
fields/00730__plt00243__fab0000_comp01_rho_E.f32__c0006__dt-f32/chunk_0,1000000,2,ans shuffle=byte,primary,0.189472005,-1,1.29665695,3.424178,1
fields/00733__plt00244__fab0000_comp01_rho_E.f32__c0006__dt-f32/chunk_0,1000000,2,ans shuffle=byte,primary,0.367424011,-1,1.29517227,3.60583801,1
fields/00731__plt00243__fab0000_comp02_logden.f32__c0006__dt-f32/chunk_0,1000000,2,ans shuffle=byte,primary,0.359072,-1,1.13797226,4.044842,1
fields/00734__plt00244__fab0000_comp02_logden.f32__c0014__dt-f32/chunk_0,1000000,2,ans shuffle=byte,primary,1.02947199,-1,1.13060294,4.73926599,1
fields/00733__plt00244__fab0000_comp01_rho_E.f32__c0014__dt-f32/chunk_0,1000000,2,ans shuffle=byte,primary,0.259968013,-1,2.88708025,1.71275201,1
fields/00735__plt00245__fab0000_comp00_density.f32__c0006__dt-f32/chunk_0,1000000,2,ans shuffle=byte,primary,0.252319992,-1,1.14864479,3.90384399,1
fields/00734__plt00244__fab0000_comp02_logden.f32__c0006__dt-f32/chunk_0,1000000,2,ans shuffle=byte,primary,0.651679993,-1,1.13823228,4.33660799,1
fields/00738__plt00246__fab0000_comp00_density.f32__c0006__dt-f32/chunk_0,1000000,2,ans shuffle=byte,primary,0.454495996,-1,1.14858942,4.106196,1
fields/00735__plt00245__fab0000_comp00_density.f32__c0014__dt-f32/chunk_0,1000000,2,ans shuffle=byte,primary,0.422560006,-1,1.23275734,3.82493601,1
fields/00740__plt00246__fab0000_comp02_logden.f32__c0006__dt-f32/chunk_0,1000000,2,ans shuffle=byte,primary,0.368319988,-1,1.13868962,4.05176799,1
fields/00736__plt00245__fab0000_comp01_rho_E.f32__c0006__dt-f32/chunk_0,1000000,2,ans shuffle=byte,primary,0.188416004,-1,1.29457104,3.428334,1
fields/00741__plt00247__fab0000_comp00_density.f32__c0014__dt-f32/chunk_0,1000000,2,ans shuffle=byte,primary,0.230976,-1,1.23266315,3.633612,1
fields/00736__plt00245__fab0000_comp01_rho_E.f32__c0014__dt-f32/chunk_0,1000000,2,ans shuffle=byte,primary,0.355392009,-1,2.85226682,1.82590801,1
fields/00737__plt00245__fab0000_comp02_logden.f32__c0006__dt-f32/chunk_0,1000000,2,ans shuffle=byte,primary,0.200703993,-1,1.13848439,3.88481599,1
fields/00737__plt00245__fab0000_comp02_logden.f32__c0014__dt-f32/chunk_0,1000000,2,ans shuffle=byte,primary,0.351487994,-1,1.13055662,4.06143399,1
fields/00738__plt00246__fab0000_comp00_density.f32__c0014__dt-f32/chunk_0,1000000,2,ans shuffle=byte,primary,0.469983995,-1,1.23272691,3.87244399,1
fields/00743__plt00247__fab0000_comp02_logden.f32__c0014__dt-f32/chunk_0,1000000,2,ans shuffle=byte,primary,0.996927977,-1,1.13052736,4.70696998,1
fields/00739__plt00246__fab0000_comp01_rho_E.f32__c0006__dt-f32/chunk_0,1000000,2,ans shuffle=byte,primary,0.437023997,-1,1.29334632,3.68001,1
fields/00744__plt00248__fab0000_comp00_density.f32__c0014__dt-f32/chunk_0,1000000,2,ans shuffle=byte,primary,0.215967998,-1,1.23253999,3.618944,1
fields/00739__plt00246__fab0000_comp01_rho_E.f32__c0014__dt-f32/chunk_0,1000000,2,ans shuffle=byte,primary,0.176512003,-1,2.82048137,1.6636,1
fields/00745__plt00248__fab0000_comp01_rho_E.f32__c0014__dt-f32/chunk_0,1000000,2,ans shuffle=byte,primary,0.220927998,-1,2.75524141,1.743228,1
fields/00740__plt00246__fab0000_comp02_logden.f32__c0014__dt-f32/chunk_0,1000000,2,ans shuffle=byte,primary,0.756511986,-1,1.13049933,4.46664599,1
fields/00746__plt00248__fab0000_comp02_logden.f32__c0014__dt-f32/chunk_0,1000000,2,ans shuffle=byte,primary,0.243392006,-1,1.1304128,3.95381001,1
fields/00741__plt00247__fab0000_comp00_density.f32__c0006__dt-f32/chunk_0,1000000,2,ans shuffle=byte,primary,0.204255998,-1,1.14850073,3.856238,1
fields/00742__plt00247__fab0000_comp01_rho_E.f32__c0006__dt-f32/chunk_0,1000000,2,ans shuffle=byte,primary,0.400000006,-1,1.29239784,3.64536601,1
fields/00747__plt00249__fab0000_comp00_density.f32__c0014__dt-f32/chunk_0,1000000,2,ans shuffle=byte,primary,0.342848003,-1,1.23255882,3.745772,1
fields/00742__plt00247__fab0000_comp01_rho_E.f32__c0014__dt-f32/chunk_0,1000000,2,ans shuffle=byte,primary,0.255423993,-1,2.78706111,1.76034399,1
fields/00748__plt00249__fab0000_comp01_rho_E.f32__c0006__dt-f32/chunk_0,1000000,2,ans shuffle=byte,primary,0.234111995,-1,1.29021367,3.48497199,1
fields/00743__plt00247__fab0000_comp02_logden.f32__c0006__dt-f32/chunk_0,1000000,2,ans shuffle=byte,primary,1.24396801,-1,1.13904338,4.92627201,1
fields/00749__plt00249__fab0000_comp02_logden.f32__c0006__dt-f32/chunk_0,1000000,2,ans shuffle=byte,primary,0.419072002,-1,1.13959673,4.099588,1
fields/00744__plt00248__fab0000_comp00_density.f32__c0006__dt-f32/chunk_0,1000000,2,ans shuffle=byte,primary,0.390464008,-1,1.14845671,4.04258601,1
fields/00749__plt00249__fab0000_comp02_logden.f32__c0014__dt-f32/chunk_0,1000000,2,ans shuffle=byte,primary,0.476256013,-1,1.13040305,4.18670601,1
fields/00745__plt00248__fab0000_comp01_rho_E.f32__c0006__dt-f32/chunk_0,1000000,2,ans shuffle=byte,primary,0.35382399,-1,1.29129091,3.60197199,1
fields/00746__plt00248__fab0000_comp02_logden.f32__c0006__dt-f32/chunk_0,1000000,2,ans shuffle=byte,primary,0.179455996,-1,1.13933856,3.860806,1
fields/00747__plt00249__fab0000_comp00_density.f32__c0006__dt-f32/chunk_0,1000000,2,ans shuffle=byte,primary,0.223199993,-1,1.14827372,3.87590399,1
fields/00752__plt00250__fab0000_comp02_logden.f32__c0006__dt-f32/chunk_0,1000000,2,ans shuffle=byte,primary,0.370752007,-1,1.13986184,4.05041201,1
fields/00748__plt00249__fab0000_comp01_rho_E.f32__c0014__dt-f32/chunk_0,1000000,2,ans shuffle=byte,primary,1.024032,-1,2.72644919,2.562408,1
fields/00753__plt00251__fab0000_comp00_density.f32__c0014__dt-f32/chunk_0,1000000,2,ans shuffle=byte,primary,0.445439994,-1,1.23243279,3.84871199,1
fields/00750__plt00250__fab0000_comp00_density.f32__c0006__dt-f32/chunk_0,1000000,2,ans shuffle=byte,primary,0.261503994,-1,1.14825737,3.91425999,1
fields/00750__plt00250__fab0000_comp00_density.f32__c0014__dt-f32/chunk_0,1000000,2,ans shuffle=byte,primary,0.364991993,-1,1.23247335,3.76815199,1
fields/00756__plt00252__fab0000_comp00_density.f32__c0006__dt-f32/chunk_0,1000000,2,ans shuffle=byte,primary,0.224831998,-1,1.14809393,3.878108,1
fields/00751__plt00250__fab0000_comp01_rho_E.f32__c0006__dt-f32/chunk_0,1000000,2,ans shuffle=byte,primary,0.252927989,-1,1.28922856,3.50627199,1
fields/00751__plt00250__fab0000_comp01_rho_E.f32__c0014__dt-f32/chunk_0,1000000,2,ans shuffle=byte,primary,0.371199995,-1,2.69590771,1.927004,1
fields/00752__plt00250__fab0000_comp02_logden.f32__c0014__dt-f32/chunk_0,1000000,2,ans shuffle=byte,primary,0.418816,-1,1.13031166,4.129566,1
fields/00757__plt00252__fab0000_comp01_rho_E.f32__c0014__dt-f32/chunk_0,1000000,2,ans shuffle=byte,primary,0.36956799,-1,2.63698503,1.96013599,1
fields/00753__plt00251__fab0000_comp00_density.f32__c0006__dt-f32/chunk_0,1000000,2,ans shuffle=byte,primary,0.214688003,-1,1.14815113,3.867782,1
fields/00758__plt00252__fab0000_comp02_logden.f32__c0014__dt-f32/chunk_0,1000000,2,ans shuffle=byte,primary,0.224224001,-1,1.13019105,3.93537,1
fields/00758__plt00252__fab0000_comp02_logden.f32__c0006__dt-f32/chunk_0,1000000,2,ans shuffle=byte,primary,0.40931201,-1,1.140429,4.08714201,1
fields/00754__plt00251__fab0000_comp01_rho_E.f32__c0006__dt-f32/chunk_0,1000000,2,ans shuffle=byte,primary,0.388511986,-1,1.28807959,3.64475799,1
fields/00759__plt00253__fab0000_comp00_density.f32__c0014__dt-f32/chunk_0,1000000,2,ans shuffle=byte,primary,0.374592006,-1,1.23235457,3.77808001,1
fields/00754__plt00251__fab0000_comp01_rho_E.f32__c0014__dt-f32/chunk_0,1000000,2,ans shuffle=byte,primary,0.186943993,-1,2.6652365,1.76065199,1
fields/00760__plt00253__fab0000_comp01_rho_E.f32__c0014__dt-f32/chunk_0,1000000,2,ans shuffle=byte,primary,0.352959991,-1,2.60739916,1.96157599,1
fields/00755__plt00251__fab0000_comp02_logden.f32__c0006__dt-f32/chunk_0,1000000,2,ans shuffle=byte,primary,0.391360015,-1,1.14016859,4.07003001,1
fields/00761__plt00253__fab0000_comp02_logden.f32__c0006__dt-f32/chunk_0,1000000,2,ans shuffle=byte,primary,0.834623992,-1,1.1406672,4.51168599,1
fields/00755__plt00251__fab0000_comp02_logden.f32__c0014__dt-f32/chunk_0,1000000,2,ans shuffle=byte,primary,0.337343991,-1,1.13023978,4.04832999,1
fields/00756__plt00252__fab0000_comp00_density.f32__c0014__dt-f32/chunk_0,1000000,2,ans shuffle=byte,primary,0.375616014,-1,1.23241685,3.77893201,1
fields/00757__plt00252__fab0000_comp01_rho_E.f32__c0006__dt-f32/chunk_0,1000000,2,ans shuffle=byte,primary,0.238848001,-1,1.28698004,3.497876,1
fields/00762__plt00254__fab0000_comp00_density.f32__c0014__dt-f32/chunk_0,1000000,2,ans shuffle=byte,primary,0.214880005,-1,1.23230243,3.618512,1
fields/00759__plt00253__fab0000_comp00_density.f32__c0006__dt-f32/chunk_0,1000000,2,ans shuffle=byte,primary,0.754208028,-1,1.14795504,4.40792603,1
fields/00764__plt00254__fab0000_comp02_logden.f32__c0006__dt-f32/chunk_0,1000000,2,ans shuffle=byte,primary,0.359104007,-1,1.14101846,4.03503401,1
fields/00760__plt00253__fab0000_comp01_rho_E.f32__c0006__dt-f32/chunk_0,1000000,2,ans shuffle=byte,primary,0.358399987,-1,1.28810569,3.61457999,1
fields/00766__plt00255__fab0000_comp01_rho_E.f32__c0014__dt-f32/chunk_0,1000000,2,ans shuffle=byte,primary,0.389279991,-1,2.55237279,2.03257599,1
fields/00761__plt00253__fab0000_comp02_logden.f32__c0014__dt-f32/chunk_0,1000000,2,ans shuffle=byte,primary,0.367199987,-1,1.13000349,4.07896199,1
fields/00762__plt00254__fab0000_comp00_density.f32__c0006__dt-f32/chunk_0,1000000,2,ans shuffle=byte,primary,0.470624,-1,1.14792739,4.12443,1
fields/00766__plt00255__fab0000_comp01_rho_E.f32__c0006__dt-f32/chunk_0,1000000,2,ans shuffle=byte,primary,0.217472002,-1,1.28874132,3.472046,1
fields/00763__plt00254__fab0000_comp01_rho_E.f32__c0006__dt-f32/chunk_0,1000000,2,ans shuffle=byte,primary,0.453087986,-1,1.28879755,3.70751999,1
fields/00763__plt00254__fab0000_comp01_rho_E.f32__c0014__dt-f32/chunk_0,1000000,2,ans shuffle=byte,primary,0.400575995,-1,2.58044321,2.025996,1
fields/00764__plt00254__fab0000_comp02_logden.f32__c0014__dt-f32/chunk_0,1000000,2,ans shuffle=byte,primary,0.419647992,-1,1.12994017,4.13161799,1
fields/00765__plt00255__fab0000_comp00_density.f32__c0006__dt-f32/chunk_0,1000000,2,ans shuffle=byte,primary,0.210592002,-1,1.14778729,3.864844,1
fields/00765__plt00255__fab0000_comp00_density.f32__c0014__dt-f32/chunk_0,1000000,2,ans shuffle=byte,primary,0.204607993,-1,1.2322532,3.60837599,1
fields/00770__plt00256__fab0000_comp02_logden.f32__c0006__dt-f32/chunk_0,1000000,2,ans shuffle=byte,primary,0.960672021,-1,1.14166447,4.63452202,1
fields/00771__plt00257__fab0000_comp00_density.f32__c0006__dt-f32/chunk_0,1000000,2,ans shuffle=byte,primary,0.456896007,-1,1.14762147,4.11167601,1
fields/00767__plt00255__fab0000_comp02_logden.f32__c0006__dt-f32/chunk_0,1000000,2,ans shuffle=byte,primary,0.377247989,-1,1.14130473,4.05225599,1
fields/00767__plt00255__fab0000_comp02_logden.f32__c0014__dt-f32/chunk_0,1000000,2,ans shuffle=byte,primary,0.389568001,-1,1.12990607,4.10165,1
fields/00768__plt00256__fab0000_comp00_density.f32__c0014__dt-f32/chunk_0,1000000,2,ans shuffle=byte,primary,0.996959984,-1,1.23216197,4.40097998,1
fields/00768__plt00256__fab0000_comp00_density.f32__c0006__dt-f32/chunk_0,1000000,2,ans shuffle=byte,primary,0.953184009,-1,1.14764094,4.60790201,1
fields/00771__plt00257__fab0000_comp00_density.f32__c0014__dt-f32/chunk_0,1000000,2,ans shuffle=byte,primary,0.369055986,-1,1.23220541,3.77295599,1
fields/00769__plt00256__fab0000_comp01_rho_E.f32__c0006__dt-f32/chunk_0,1000000,2,ans shuffle=byte,primary,0.221855998,-1,1.28836842,3.477372,1
fields/00769__plt00256__fab0000_comp01_rho_E.f32__c0014__dt-f32/chunk_0,1000000,2,ans shuffle=byte,primary,0.383520007,-1,2.52530784,2.04442801,1
fields/00770__plt00256__fab0000_comp02_logden.f32__c0014__dt-f32/chunk_0,1000000,2,ans shuffle=byte,primary,0.408288002,-1,1.1297113,4.12101,1
fields/00772__plt00257__fab0000_comp01_rho_E.f32__c0006__dt-f32/chunk_0,1000000,2,ans shuffle=byte,primary,0.323040009,-1,1.28831856,3.57868201,1
fields/00772__plt00257__fab0000_comp01_rho_E.f32__c0014__dt-f32/chunk_0,1000000,2,ans shuffle=byte,primary,0.369599998,-1,2.49687705,2.04942,1
fields/00773__plt00257__fab0000_comp02_logden.f32__c0006__dt-f32/chunk_0,1000000,2,ans shuffle=byte,primary,0.212288007,-1,1.14200889,3.88503001,1
fields/00778__plt00259__fab0000_comp01_rho_E.f32__c0006__dt-f32/chunk_0,1000000,2,ans shuffle=byte,primary,0.210815996,-1,1.28804952,3.467138,1
fields/00773__plt00257__fab0000_comp02_logden.f32__c0014__dt-f32/chunk_0,1000000,2,ans shuffle=byte,primary,0.219423994,-1,1.12970278,3.93217399,1
fields/00778__plt00259__fab0000_comp01_rho_E.f32__c0014__dt-f32/chunk_0,1000000,2,ans shuffle=byte,primary,0.198239997,-1,2.44286077,1.915204,1
fields/00774__plt00258__fab0000_comp00_density.f32__c0006__dt-f32/chunk_0,1000000,2,ans shuffle=byte,primary,0.493887991,-1,1.14751346,4.14901199,1
fields/00779__plt00259__fab0000_comp02_logden.f32__c0014__dt-f32/chunk_0,1000000,2,ans shuffle=byte,primary,0.387647986,-1,1.12943265,4.10128599,1
fields/00774__plt00258__fab0000_comp00_density.f32__c0014__dt-f32/chunk_0,1000000,2,ans shuffle=byte,primary,0.378304005,-1,1.23210551,3.78248,1
fields/00775__plt00258__fab0000_comp01_rho_E.f32__c0006__dt-f32/chunk_0,1000000,2,ans shuffle=byte,primary,0.224992007,-1,1.28808592,3.48122201,1
fields/00775__plt00258__fab0000_comp01_rho_E.f32__c0014__dt-f32/chunk_0,1000000,2,ans shuffle=byte,primary,0.398272008,-1,2.47000987,2.09636401,1
fields/00781__plt00260__fab0000_comp01_rho_E.f32__c0006__dt-f32/chunk_0,1000000,2,ans shuffle=byte,primary,0.371648014,-1,1.28811123,3.62781401,1
fields/00776__plt00258__fab0000_comp02_logden.f32__c0006__dt-f32/chunk_0,1000000,2,ans shuffle=byte,primary,0.976831973,-1,1.14239707,4.64832597,1
fields/00782__plt00260__fab0000_comp02_logden.f32__c0006__dt-f32/chunk_0,1000000,2,ans shuffle=byte,primary,0.390399992,-1,1.14315368,4.05946399,1
fields/00776__plt00258__fab0000_comp02_logden.f32__c0014__dt-f32/chunk_0,1000000,2,ans shuffle=byte,primary,0.298496008,-1,1.12956526,4.01169801,1
fields/00777__plt00259__fab0000_comp00_density.f32__c0014__dt-f32/chunk_0,1000000,2,ans shuffle=byte,primary,0.395424008,-1,1.23200128,3.79988801,1
fields/00783__plt00261__fab0000_comp00_density.f32__c0006__dt-f32/chunk_0,1000000,2,ans shuffle=byte,primary,0.245407999,-1,1.14727052,3.901306,1
fields/00777__plt00259__fab0000_comp00_density.f32__c0006__dt-f32/chunk_0,1000000,2,ans shuffle=byte,primary,0.574432015,-1,1.14746575,4.22970802,1
fields/00779__plt00259__fab0000_comp02_logden.f32__c0006__dt-f32/chunk_0,1000000,2,ans shuffle=byte,primary,0.258112013,-1,1.1427382,3.92851001,1
fields/00780__plt00260__fab0000_comp00_density.f32__c0006__dt-f32/chunk_0,1000000,2,ans shuffle=byte,primary,0.242911994,-1,1.14732575,3.89863399,1
fields/00783__plt00261__fab0000_comp00_density.f32__c0014__dt-f32/chunk_0,1000000,2,ans shuffle=byte,primary,0.459104002,-1,1.23196799,3.86366,1
fields/00780__plt00260__fab0000_comp00_density.f32__c0014__dt-f32/chunk_0,1000000,2,ans shuffle=byte,primary,0.353311986,-1,1.2320809,3.75755599,1
fields/00784__plt00261__fab0000_comp01_rho_E.f32__c0006__dt-f32/chunk_0,1000000,2,ans shuffle=byte,primary,0.358880013,-1,1.2881318,3.61499401,1
fields/00781__plt00260__fab0000_comp01_rho_E.f32__c0014__dt-f32/chunk_0,1000000,2,ans shuffle=byte,primary,0.652800024,-1,2.41617394,2.38872802,1
fields/00785__plt00261__fab0000_comp02_logden.f32__c0006__dt-f32/chunk_0,1000000,2,ans shuffle=byte,primary,0.208992004,-1,1.14354514,3.8768,1
fields/00782__plt00260__fab0000_comp02_logden.f32__c0014__dt-f32/chunk_0,1000000,2,ans shuffle=byte,primary,0.201151997,-1,1.12939129,3.914926,1
fields/00786__plt00262__fab0000_comp00_density.f32__c0014__dt-f32/chunk_0,1000000,2,ans shuffle=byte,primary,0.210623994,-1,1.23192167,3.61530799,1
fields/00784__plt00261__fab0000_comp01_rho_E.f32__c0014__dt-f32/chunk_0,1000000,2,ans shuffle=byte,primary,0.347200006,-1,2.39078866,2.10156001,1
fields/00787__plt00262__fab0000_comp01_rho_E.f32__c0006__dt-f32/chunk_0,1000000,2,ans shuffle=byte,primary,0.407615989,-1,1.2885109,3.66277199,1
fields/00785__plt00261__fab0000_comp02_logden.f32__c0014__dt-f32/chunk_0,1000000,2,ans shuffle=byte,primary,0.369376004,-1,1.12932317,4.083374,1
fields/00790__plt00263__fab0000_comp01_rho_E.f32__c0014__dt-f32/chunk_0,1000000,2,ans shuffle=byte,primary,0.263967991,-1,2.33967838,2.05665199,1
fields/00787__plt00262__fab0000_comp01_rho_E.f32__c0014__dt-f32/chunk_0,1000000,2,ans shuffle=byte,primary,0.178080007,-1,2.36437349,1.95204001,1
fields/00791__plt00263__fab0000_comp02_logden.f32__c0014__dt-f32/chunk_0,1000000,2,ans shuffle=byte,primary,0.224511996,-1,1.12909212,3.93927,1
fields/00786__plt00262__fab0000_comp00_density.f32__c0006__dt-f32/chunk_0,1000000,2,ans shuffle=byte,primary,0.364479989,-1,1.14721968,4.02053999,1
fields/00789__plt00263__fab0000_comp00_density.f32__c0014__dt-f32/chunk_0,1000000,2,ans shuffle=byte,primary,0.901023984,-1,1.2317538,4.30617198,1
fields/00788__plt00262__fab0000_comp02_logden.f32__c0006__dt-f32/chunk_0,1000000,2,ans shuffle=byte,primary,0.386848003,-1,1.14385825,4.053652,1
fields/00791__plt00263__fab0000_comp02_logden.f32__c0006__dt-f32/chunk_0,1000000,2,ans shuffle=byte,primary,0.420415998,-1,1.14428515,4.085852,1
fields/00788__plt00262__fab0000_comp02_logden.f32__c0014__dt-f32/chunk_0,1000000,2,ans shuffle=byte,primary,0.212576002,-1,1.12912374,3.92723,1
fields/00792__plt00264__fab0000_comp00_density.f32__c0006__dt-f32/chunk_0,1000000,2,ans shuffle=byte,primary,0.48111999,-1,1.14698565,4.13792599,1
fields/00789__plt00263__fab0000_comp00_density.f32__c0006__dt-f32/chunk_0,1000000,2,ans shuffle=byte,primary,1.59033597,-1,1.14707913,5.24684397,1
fields/00790__plt00263__fab0000_comp01_rho_E.f32__c0006__dt-f32/chunk_0,1000000,2,ans shuffle=byte,primary,0.223967999,-1,1.28895439,3.478004,1
fields/00792__plt00264__fab0000_comp00_density.f32__c0014__dt-f32/chunk_0,1000000,2,ans shuffle=byte,primary,0.619264007,-1,1.23165253,4.02469201,1
fields/00795__plt00265__fab0000_comp00_density.f32__c0014__dt-f32/chunk_0,1000000,2,ans shuffle=byte,primary,0.410528004,-1,1.23157441,3.816172,1
fields/00793__plt00264__fab0000_comp01_rho_E.f32__c0006__dt-f32/chunk_0,1000000,2,ans shuffle=byte,primary,0.568319976,-1,1.28929117,3.82150598,1
fields/00796__plt00265__fab0000_comp01_rho_E.f32__c0014__dt-f32/chunk_0,1000000,2,ans shuffle=byte,primary,0.592000008,-1,2.29317739,2.42103601,1
fields/00798__plt00266__fab0000_comp00_density.f32__c0014__dt-f32/chunk_0,1000000,2,ans shuffle=byte,primary,0.217056006,-1,1.23137916,3.62324001,1
fields/00793__plt00264__fab0000_comp01_rho_E.f32__c0014__dt-f32/chunk_0,1000000,2,ans shuffle=byte,primary,0.230399996,-1,2.31602058,2.041396,1
fields/00799__plt00266__fab0000_comp01_rho_E.f32__c0014__dt-f32/chunk_0,1000000,2,ans shuffle=byte,primary,0.223936006,-1,2.268874,2.07256401,1
fields/00798__plt00266__fab0000_comp00_density.f32__c0006__dt-f32/chunk_0,1000000,2,ans shuffle=byte,primary,0.247743994,-1,1.14691727,3.90476799,1
fields/00794__plt00264__fab0000_comp02_logden.f32__c0006__dt-f32/chunk_0,1000000,2,ans shuffle=byte,primary,0.436287999,-1,1.14461616,4.100664,1
fields/00799__plt00266__fab0000_comp01_rho_E.f32__c0006__dt-f32/chunk_0,1000000,2,ans shuffle=byte,primary,0.562399983,-1,1.29062735,3.81221798,1
fields/00794__plt00264__fab0000_comp02_logden.f32__c0014__dt-f32/chunk_0,1000000,2,ans shuffle=byte,primary,0.483072013,-1,1.12899973,4.19813401,1
fields/00800__plt00266__fab0000_comp02_logden.f32__c0006__dt-f32/chunk_0,1000000,2,ans shuffle=byte,primary,0.365152001,-1,1.14545579,4.026842,1
fields/00795__plt00265__fab0000_comp00_density.f32__c0006__dt-f32/chunk_0,1000000,2,ans shuffle=byte,primary,0.199711993,-1,1.14691727,3.85673599,1
fields/00800__plt00266__fab0000_comp02_logden.f32__c0014__dt-f32/chunk_0,1000000,2,ans shuffle=byte,primary,0.367487997,-1,1.12873358,4.083426,1
fields/00796__plt00265__fab0000_comp01_rho_E.f32__c0006__dt-f32/chunk_0,1000000,2,ans shuffle=byte,primary,0.209567994,-1,1.28990814,3.46119799,1
fields/00797__plt00265__fab0000_comp02_logden.f32__c0006__dt-f32/chunk_0,1000000,2,ans shuffle=byte,primary,0.428640008,-1,1.14507177,4.09155801,1
fields/00797__plt00265__fab0000_comp02_logden.f32__c0014__dt-f32/chunk_0,1000000,2,ans shuffle=byte,primary,0.514880002,-1,1.12888062,4.230334,1
